Type	Speed	Agent	subject	GameNb	Deflations	Misses	Resets	ShotReg	Entropy	LogCV	ShotPer	RightReg	RightPer	Score
Human	FFF	Human_FFF	A11LNK1U3DT08V	1	23.0	45.0	17.0	0.5308518300456713	3.1176633956856694	-1.0455391227291917	512.0	0.38692648209053904	528.0	526.0
Human	FFF	Human_FFF	A11LNK1U3DT08V	2	15.0	39.0	9.0	0.44881926389487736	3.0633281547065963	-1.2571387198628603	496.0	0.3037539971519762	496.0	1626.0
Human	FFF	Human_FFF	A11LNK1U3DT08V	3	19.0	50.0	10.0	0.35857620181504685	3.0534682200504824	-1.2331351247760833	480.0	0.23172105444163454	496.0	1604.0
Human	FFF	Human_FFF	A11LNK1U3DT08V	4	11.0	33.0	11.0	0.48256528111915464	2.6923935517061177	-1.3253352610181401	512.0	0.35828053339741994	512.0	1640.0
Human	FFF	Human_FFF	A11LNK1U3DT08V	5	19.0	49.0	12.0	0.33623582385276757	3.552236081383235	-1.0926958677333907	432.0	0.19943959882687454	432.0	1408.0
Human	FFF	Human_FFF	A11LNK1U3DT08V	6	12.0	31.0	4.0	0.6172683579815496	2.6546368924024475	-1.510541834500059	496.0	0.4029820994841335	496.0	1640.0
Human	FFF	Human_FFF	A11LNK1U3DT08V	7	12.0	30.0	2.0	0.5474491148156128	2.4389551721628084	-1.5562956244143777	496.0	0.39572453414584197	496.0	1840.0
Human	FFF	Human_FFF	A11LNK1U3DT08V	8	18.0	30.0	7.0	0.4991873481868384	2.7959481762448806	-1.378015773815826	480.0	0.272462489542862	496.0	1844.0
Human	FFF	Human_FFF	A11LNK1U3DT08V	9	18.0	25.0	4.0	0.5047437307890312	2.747486552680498	-1.3268085582580371	496.0	0.30230074474291596	496.0	1656.0
Human	FFF	Human_FFF	A11LNK1U3DT08V	10	19.0	31.0	5.0	0.4750273182323715	2.765256235179227	-1.4042294649343854	512.0	0.3182475484973234	512.0	1638.0
Human	FFF	Human_FFF	A11LNK1U3DT08V	11	21.0	29.0	5.0	0.40929049572088627	2.8244620343899296	-1.3631212920892677	480.0	0.2707354430949636	512.0	1644.0
Human	FFF	Human_FFF	A11LNK1U3DT08V	12	11.0	30.0	3.0	0.4480400694327956	2.683728306220546	-1.4355878543689087	480.0	0.2762129904784334	496.0	1948.0
Human	FFF	Human_FFF	A11LNK1U3DT08V	13	14.0	23.0	5.0	0.49669294647810175	2.4775535486080753	-1.5092494300553285	496.0	0.3691810038644629	496.0	1860.0
Human	FFF	Human_FFF	A11LNK1U3DT08V	14	18.0	22.0	2.0	0.4819716653930177	2.4781849430536282	-1.3849350468923878	480.0	0.40865777266122644	496.0	1956.0
Human	FFF	Human_FFF	A11LNK1U3DT08V	15	23.0	33.0	2.0	0.49277346396114635	2.5792519502556326	-1.633540128645944	480.0	0.4232701007345067	496.0	1734.0
Human	FFF	Human_FFF	A122LRCSBAD6DC	1	39.0	56.0	17.0	0.19420291080634966	3.1451730616371854	-1.046693632360003	528.0	0.10164074408532171	496.0	290.0
Human	FFF	Human_FFF	A122LRCSBAD6DC	2	20.0	31.0	4.0	0.3342095523893441	2.8471722058644744	-1.3780166735878556	496.0	0.2466807295139901	512.0	1742.0
Human	FFF	Human_FFF	A122LRCSBAD6DC	3	25.0	18.0	2.0	0.3589941945520098	2.4217448406651525	-1.5750606646729413	512.0	0.30870545112958675	512.0	1966.0
Human	FFF	Human_FFF	A122LRCSBAD6DC	4	23.0	22.0	0.0	0.2652007572423531	2.3766658266905303	-1.4584852808079025	480.0	0.22467000084152378	480.0	2158.0
Human	FFF	Human_FFF	A122LRCSBAD6DC	5	26.0	40.0	1.0	0.20595463414865664	2.4839255100636684	-1.3489691748394927	480.0	0.2191497186374942	496.0	1726.0
Human	FFF	Human_FFF	A122LRCSBAD6DC	6	30.0	28.0	2.0	0.2027375998790036	2.3361896120591785	-1.3858248128043982	480.0	0.184475833940033	480.0	2050.0
Human	FFF	Human_FFF	A122LRCSBAD6DC	7	27.0	24.0	4.0	0.15167523129016428	2.6033336503929174	-1.1617493520763762	496.0	0.15341170034762183	480.0	2160.0
Human	FFF	Human_FFF	A122LRCSBAD6DC	8	37.0	38.0	15.0	0.10768663674640173	2.815287020774609	-1.1720559352495525	480.0	0.13413958247060465	480.0	1726.0
Human	FFF	Human_FFF	A122LRCSBAD6DC	9	16.0	28.0	3.0	0.2571725634195367	2.5679473398884687	-1.3878213377856168	512.0	0.19991166937067592	480.0	2244.0
Human	FFF	Human_FFF	A122LRCSBAD6DC	10	19.0	22.0	2.0	0.2549494460584559	2.403086337755526	-1.3577686710095414	496.0	0.20080521475774693	496.0	2156.0
Human	FFF	Human_FFF	A122LRCSBAD6DC	11	11.0	7.0	2.0	0.1833129559979872	2.3139868405936777	-1.340724711848655	480.0	0.14185770018002009	432.0	2686.0
Human	FFF	Human_FFF	A122LRCSBAD6DC	12	17.0	22.0	2.0	0.1452278639735875	2.568417150347463	-1.3940725204821032	496.0	0.10267798678991144	448.0	2558.0
Human	FFF	Human_FFF	A122LRCSBAD6DC	13	8.0	14.0	2.0	0.15956865546350144	2.680827666985539	-1.4217703395772294	416.0	0.13901097685039188	432.0	2772.0
Human	FFF	Human_FFF	A122LRCSBAD6DC	14	16.0	37.0	15.0	0.11067718135220617	2.787391826594687	-1.2565058762739236	336.0	0.06407163900931882	400.0	2228.0
Human	FFF	Human_FFF	A122LRCSBAD6DC	15	12.0	24.0	8.0	0.15283840533073803	2.628857903553253	-1.2913801599424084	368.0	0.08313011201688099	400.0	2552.0
Human	FFF	Human_FFF	A13B8594JIUFDF	1	15.0	187.0	100.0	nan	nan	nan	nan	nan	nan	0.0
Human	FFF	Human_FFF	A13B8594JIUFDF	2	30.0	169.0	100.0	nan	nan	nan	nan	nan	nan	0.0
Human	FFF	Human_FFF	A13B8594JIUFDF	3	36.0	92.0	100.0	0.3313110234362951	3.3351771745142793	-0.4544295119864309	528.0	0.22729846495461944	512.0	468.0
Human	FFF	Human_FFF	A13B8594JIUFDF	4	25.0	48.0	8.0	0.4549909446469389	2.9033670748034024	-1.0011663010410783	496.0	0.34458823651944015	480.0	1126.0
Human	FFF	Human_FFF	A13B8594JIUFDF	5	25.0	37.0	1.0	0.4593793691992112	2.67158129898772	-1.2956921682156028	496.0	0.3888348435838794	496.0	1628.0
Human	FFF	Human_FFF	A13B8594JIUFDF	6	23.0	27.0	0.0	0.45779739482850956	2.2416560967802615	-1.3223492955941325	496.0	0.4663308397771298	496.0	1748.0
Human	FFF	Human_FFF	A13B8594JIUFDF	7	20.0	33.0	3.0	0.3637684054101972	2.483130932854777	-1.280627748138965	496.0	0.37613018504052304	512.0	1634.0
Human	FFF	Human_FFF	A13B8594JIUFDF	8	24.0	21.0	5.0	0.4290134780027427	2.4229693964192904	-1.321358861005271	512.0	0.39399555606757974	496.0	1658.0
Human	FFF	Human_FFF	A13B8594JIUFDF	9	23.0	42.0	4.0	0.4376388520768795	2.4579230522958966	-1.2753849978191834	480.0	0.4379827888564159	480.0	1518.0
Human	FFF	Human_FFF	A13B8594JIUFDF	10	31.0	25.0	2.0	0.3863301626622329	2.5223045311893024	-1.281646808183389	480.0	0.4039958087929344	480.0	1654.0
Human	FFF	Human_FFF	A13B8594JIUFDF	11	39.0	32.0	0.0	0.3531898162078822	2.536795884601948	-1.3091044997117471	480.0	0.41050477473716096	480.0	1844.0
Human	FFF	Human_FFF	A13B8594JIUFDF	12	34.0	27.0	7.0	0.4182703927863676	2.4379554697992285	-1.210752998880502	496.0	0.4058045134454584	480.0	1548.0
Human	FFF	Human_FFF	A13B8594JIUFDF	13	28.0	17.0	0.0	0.4550885196597301	2.3226936886843244	-1.3385998998730126	496.0	0.4458379934998712	496.0	1868.0
Human	FFF	Human_FFF	A13B8594JIUFDF	14	24.0	18.0	3.0	0.5152733394792015	2.412847466430989	-1.3274388026561157	496.0	0.45158610593473286	480.0	1764.0
Human	FFF	Human_FFF	A13B8594JIUFDF	15	24.0	23.0	4.0	0.4073296297119967	2.548319964838379	-1.3349503865300096	480.0	0.39603792646239033	480.0	1454.0
Human	FFF	Human_FFF	A13G6IRFQBEE8K	1	40.0	86.0	29.0	0.24191570728801498	2.9957186778941596	-1.1143484740100393	320.0	0.1581416551072448	352.0	1062.0
Human	FFF	Human_FFF	A13G6IRFQBEE8K	2	23.0	64.0	31.0	0.3572170802017194	2.7150315056926164	-1.2387165732118863	304.0	0.07852962736055487	368.0	1978.0
Human	FFF	Human_FFF	A13G6IRFQBEE8K	3	23.0	51.0	18.0	0.2011729603248707	2.6892563314451063	-1.2804615296315287	336.0	0.1243850305586162	416.0	2016.0
Human	FFF	Human_FFF	A13G6IRFQBEE8K	4	26.0	58.0	27.0	0.19952524698529991	2.6498886897498006	-1.2195683214823179	352.0	0.12116346750887455	400.0	1692.0
Human	FFF	Human_FFF	A13G6IRFQBEE8K	5	15.0	52.0	24.0	0.35339277634510025	2.644172820554685	-1.4497728761831215	304.0	0.020545512754486017	400.0	2196.0
Human	FFF	Human_FFF	A13G6IRFQBEE8K	6	14.0	50.0	10.0	0.32654200936690525	2.836234113064889	-1.2350399386120867	320.0	0.12112830508257157	352.0	2406.0
Human	FFF	Human_FFF	A13G6IRFQBEE8K	7	14.0	50.0	17.0	0.3695409347092253	2.545725440637904	-1.4307364566132756	304.0	0.0720545198011332	352.0	2502.0
Human	FFF	Human_FFF	A13G6IRFQBEE8K	8	14.0	65.0	12.0	0.335863080620965	2.6133814434110314	-1.4309141620114876	304.0	0.05946882537181947	352.0	2674.0
Human	FFF	Human_FFF	A13G6IRFQBEE8K	9	14.0	48.0	16.0	0.3672521950830665	2.6588042933665905	-1.3333507437787395	320.0	0.12261687074281524	368.0	2508.0
Human	FFF	Human_FFF	A13G6IRFQBEE8K	10	8.0	48.0	15.0	0.3321531882385976	2.7596582952639155	-1.4274058775825735	336.0	0.1859093796550404	368.0	2506.0
Human	FFF	Human_FFF	A13G6IRFQBEE8K	11	15.0	49.0	8.0	0.32314113489987756	2.601688678614578	-1.4180100084264207	320.0	0.1286499510863495	368.0	2802.0
Human	FFF	Human_FFF	A13G6IRFQBEE8K	12	13.0	38.0	19.0	0.3617351194201104	2.565705783971515	-1.4113627966299993	304.0	0.09576984750883755	368.0	2426.0
Human	FFF	Human_FFF	A13G6IRFQBEE8K	13	9.0	43.0	21.0	0.40594232121265217	2.5790057938969806	-1.4081689364847112	304.0	0.09954759354409436	352.0	2418.0
Human	FFF	Human_FFF	A13G6IRFQBEE8K	14	21.0	75.0	18.0	0.4203057968460569	2.735718279211031	-1.3148899163140229	320.0	0.11416138115945866	352.0	2466.0
Human	FFF	Human_FFF	A13G6IRFQBEE8K	15	11.0	48.0	16.0	0.4109715549656425	2.774746517031089	-1.3598931864675123	320.0	0.11390844098060245	352.0	2608.0
Human	FFF	Human_FFF	A13YOOKZFZJJ10	1	49.0	18.0	3.0	0.35322345929549587	2.4812729114304273	-1.451862114647479	512.0	0.3979292450325207	496.0	684.0
Human	FFF	Human_FFF	A13YOOKZFZJJ10	2	54.0	20.0	3.0	0.3123903816478891	2.4287896434030025	-1.288164393835577	544.0	0.34511126070811154	528.0	1462.0
Human	FFF	Human_FFF	A13YOOKZFZJJ10	3	29.0	16.0	2.0	0.41901245430906375	2.354068416892623	-1.2119333113804651	528.0	0.40952399219829333	528.0	1776.0
Human	FFF	Human_FFF	A13YOOKZFZJJ10	4	31.0	24.0	1.0	0.44739106971038495	2.6432902709077517	-1.3396774178598954	528.0	0.40891805764817196	528.0	1654.0
Human	FFF	Human_FFF	A13YOOKZFZJJ10	5	25.0	17.0	1.0	0.5151188206827013	2.49671133461558	-1.5707856775374267	528.0	0.5214407578298407	528.0	1766.0
Human	FFF	Human_FFF	A13YOOKZFZJJ10	6	39.0	14.0	0.0	0.4233868551953939	2.449770199801468	-1.2861661990903592	528.0	0.41514916518859407	528.0	1672.0
Human	FFF	Human_FFF	A13YOOKZFZJJ10	7	31.0	14.0	0.0	0.392688244456786	2.3929422752607348	-1.5357243088307198	544.0	0.4635539290458371	544.0	1772.0
Human	FFF	Human_FFF	A13YOOKZFZJJ10	8	28.0	17.0	0.0	0.3779758745664298	2.410896342619715	-1.264566104017243	528.0	0.4536616873319805	512.0	1666.0
Human	FFF	Human_FFF	A13YOOKZFZJJ10	9	36.0	25.0	3.0	0.32323534866586645	2.471881332807211	0.5604609536202164	512.0	0.38396214446279553	512.0	1460.0
Human	FFF	Human_FFF	A13YOOKZFZJJ10	10	16.0	12.0	0.0	0.37679356162477723	2.452755428615176	-1.4971941357372978	512.0	0.45706553530354244	512.0	1678.0
Human	FFF	Human_FFF	A13YOOKZFZJJ10	11	20.0	11.0	0.0	0.41449082516843705	2.378637406174651	-1.2607464253556886	512.0	0.4706924932337709	512.0	1878.0
Human	FFF	Human_FFF	A13YOOKZFZJJ10	12	17.0	11.0	1.0	0.38422573369283314	2.2696663865144573	-1.2882182636859414	496.0	0.4387065022682564	496.0	1778.0
Human	FFF	Human_FFF	A13YOOKZFZJJ10	13	14.0	12.0	0.0	0.4330410891433243	2.339442234658456	-1.4572915128101236	528.0	0.5730981805185854	528.0	1876.0
Human	FFF	Human_FFF	A13YOOKZFZJJ10	14	23.0	14.0	0.0	0.4024119904091973	2.2178168787819184	-1.4123567783216942	512.0	0.5146376096512797	512.0	1872.0
Human	FFF	Human_FFF	A13YOOKZFZJJ10	15	17.0	9.0	1.0	0.41644629374760717	2.631289111791065	-1.3635567152270862	512.0	0.4739657198243528	512.0	1782.0
Human	FFF	Human_FFF	A19X8IA9EKC3XH	1	29.0	59.0	12.0	0.3257503204887667	3.1973840677135827	-1.0515011850729594	416.0	0.2375937075412581	432.0	1712.0
Human	FFF	Human_FFF	A19X8IA9EKC3XH	2	22.0	62.0	10.0	0.39251552477516516	3.0986733235456585	-1.1897142640479896	384.0	0.1611551781385284	432.0	1876.0
Human	FFF	Human_FFF	A19X8IA9EKC3XH	3	28.0	40.0	9.0	0.32282464788946463	2.9304363623007856	-1.1086473062121698	352.0	0.10215061732791443	368.0	1924.0
Human	FFF	Human_FFF	A19X8IA9EKC3XH	4	20.0	32.0	6.0	0.3666331049011393	2.8201453026034446	-1.329129071555967	400.0	0.2002221942683494	448.0	2042.0
Human	FFF	Human_FFF	A19X8IA9EKC3XH	5	14.0	32.0	0.0	0.34036136149593865	2.8289283185041496	-1.2866446126417335	384.0	0.1651333329697962	432.0	2540.0
Human	FFF	Human_FFF	A19X8IA9EKC3XH	6	23.0	30.0	4.0	0.33493459212249216	2.6120779418017586	-1.2567772393231826	368.0	0.061188872470546496	368.0	2552.0
Human	FFF	Human_FFF	A19X8IA9EKC3XH	7	13.0	33.0	6.0	0.34658332849515994	2.8006325786936674	-1.1810543232415671	352.0	0.11251976455902514	416.0	2536.0
Human	FFF	Human_FFF	A19X8IA9EKC3XH	8	17.0	42.0	7.0	0.32224184726827243	2.7053057054311087	-1.2282675493688617	352.0	0.09227029425457266	480.0	2522.0
Human	FFF	Human_FFF	A19X8IA9EKC3XH	9	9.0	32.0	5.0	0.3607604610580412	2.678893284495551	-1.3161210220350783	352.0	0.16600807335965712	416.0	2840.0
Human	FFF	Human_FFF	A19X8IA9EKC3XH	10	16.0	31.0	1.0	0.32629977444415964	2.756199201504458	-1.2316155138910772	368.0	0.13305520449587196	448.0	2740.0
Human	FFF	Human_FFF	A19X8IA9EKC3XH	11	17.0	26.0	3.0	0.346875434184176	2.6522293331395597	-1.385659918936324	368.0	0.15276273292223289	432.0	2752.0
Human	FFF	Human_FFF	A19X8IA9EKC3XH	12	19.0	32.0	10.0	0.325018218631187	2.6432193662279344	-1.3357092839021127	336.0	0.13345734131118106	400.0	2840.0
Human	FFF	Human_FFF	A19X8IA9EKC3XH	13	11.0	22.0	9.0	0.38284728730177087	2.6534959121229424	-1.3165552053710663	336.0	0.12033645786958337	400.0	2858.0
Human	FFF	Human_FFF	A19X8IA9EKC3XH	14	8.0	18.0	5.0	0.3295848983454188	2.6109154638816228	-1.2393360487391796	352.0	0.08771378393296429	400.0	3066.0
Human	FFF	Human_FFF	A19X8IA9EKC3XH	15	14.0	34.0	8.0	0.36325098658182964	2.7601287579599862	-1.3681273300827939	352.0	0.1347858884890623	416.0	2736.0
Human	FFF	Human_FFF	A1DHJE69R494AH	1	20.0	180.0	100.0	nan	nan	nan	nan	nan	nan	0.0
Human	FFF	Human_FFF	A1DHJE69R494AH	2	31.0	136.0	35.0	nan	nan	nan	nan	nan	nan	0.0
Human	FFF	Human_FFF	A1DHJE69R494AH	3	24.0	187.0	42.0	nan	nan	nan	nan	nan	nan	0.0
Human	FFF	Human_FFF	A1DHJE69R494AH	4	19.0	200.0	21.0	nan	nan	nan	nan	nan	nan	0.0
Human	FFF	Human_FFF	A1DHJE69R494AH	5	33.0	200.0	80.0	nan	nan	nan	nan	nan	nan	0.0
Human	FFF	Human_FFF	A1DHJE69R494AH	6	37.0	67.0	10.0	0.39889950493582926	2.5996012379898006	-1.180213209114859	496.0	0.36809616517948784	480.0	248.0
Human	FFF	Human_FFF	A1DHJE69R494AH	7	21.0	53.0	2.0	0.3342063417744093	3.261378977546293	-0.8629254793304084	512.0	0.24497087752550606	448.0	594.0
Human	FFF	Human_FFF	A1DHJE69R494AH	8	36.0	64.0	12.0	0.2529779294820239	2.914787162305341	-0.962856811949816	496.0	0.2438690723705617	448.0	876.0
Human	FFF	Human_FFF	A1DHJE69R494AH	9	34.0	74.0	7.0	0.2923221259563094	3.2052853140576696	-1.18252395431754	480.0	0.28645387055199395	480.0	554.0
Human	FFF	Human_FFF	A1DHJE69R494AH	10	27.0	54.0	9.0	0.31641970996439955	2.5876477643913978	2.1376988440917173	480.0	0.34154136292164167	464.0	1218.0
Human	FFF	Human_FFF	A1DHJE69R494AH	11	18.0	45.0	6.0	0.24218228354880297	2.8532550554823253	-1.235285780237799	496.0	0.32221053480000245	480.0	1216.0
Human	FFF	Human_FFF	A1DHJE69R494AH	12	19.0	27.0	2.0	0.3001553120600563	2.6576964306138753	-1.3736864076748414	480.0	0.3567459964444885	480.0	1650.0
Human	FFF	Human_FFF	A1DHJE69R494AH	13	23.0	52.0	4.0	0.39096923465206723	2.766835562039268	-1.4193461579918851	496.0	0.3471700169856377	464.0	1402.0
Human	FFF	Human_FFF	A1DHJE69R494AH	14	19.0	53.0	11.0	0.3884488019100721	3.09459854607049	-1.1127808784582756	480.0	0.3903820364934776	480.0	1220.0
Human	FFF	Human_FFF	A1DHJE69R494AH	15	22.0	44.0	6.0	0.4917644649815607	2.68826383518536	-1.60112510288671	480.0	0.5111059884590599	480.0	1416.0
Human	FFF	Human_FFF	A1EP3XESXAG0EP	1	32.0	87.0	38.0	0.22522906254556033	3.199462988114573	-0.7228035605204383	496.0	0.1844768148655752	512.0	290.0
Human	FFF	Human_FFF	A1EP3XESXAG0EP	2	42.0	101.0	28.0	0.24620205766853334	3.342460447936161	-1.072866747729264	448.0	0.035898101843084874	480.0	602.0
Human	FFF	Human_FFF	A1EP3XESXAG0EP	3	67.0	83.0	13.0	0.23202473623759498	3.1922631880951813	-0.9717643179357894	496.0	0.11804785255466932	496.0	540.0
Human	FFF	Human_FFF	A1EP3XESXAG0EP	4	38.0	47.0	16.0	0.2166027975800541	3.094570838820201	-1.0355022464699046	480.0	0.10348381670431375	448.0	1110.0
Human	FFF	Human_FFF	A1EP3XESXAG0EP	5	91.0	61.0	10.0	0.1473461129299918	3.068494214219123	-1.151340586445721	480.0	0.13230619006267738	512.0	280.0
Human	FFF	Human_FFF	A1EP3XESXAG0EP	6	48.0	54.0	8.0	0.2761839997646928	3.074860970131012	-1.092342838072114	512.0	0.10371694191777432	448.0	896.0
Human	FFF	Human_FFF	A1EP3XESXAG0EP	7	53.0	47.0	10.0	0.21206697916886094	3.1636974555220125	-1.1649838974173428	448.0	0.07368012284469627	400.0	1108.0
Human	FFF	Human_FFF	A1EP3XESXAG0EP	8	42.0	68.0	11.0	0.21059590767632141	3.1164833025815226	-1.1296838999900725	448.0	0.055900348598981485	368.0	1068.0
Human	FFF	Human_FFF	A1EP3XESXAG0EP	9	46.0	52.0	13.0	0.23192127432047416	3.182585503704253	-1.0771383329305437	416.0	0.08894302880151421	480.0	998.0
Human	FFF	Human_FFF	A1EP3XESXAG0EP	10	26.0	47.0	6.0	0.1943781719916139	3.0208031423364115	-1.1932193452185273	448.0	0.027582989908111786	480.0	1616.0
Human	FFF	Human_FFF	A1EP3XESXAG0EP	11	40.0	39.0	7.0	0.20472747073266137	2.9752718604731436	-1.373141987361009	496.0	0.07769130655711456	400.0	1424.0
Human	FFF	Human_FFF	A1EP3XESXAG0EP	12	54.0	60.0	24.0	0.15696265509954768	3.118475368427852	-1.1609521202090387	432.0	0.03499590465750294	496.0	892.0
Human	FFF	Human_FFF	A1EP3XESXAG0EP	13	49.0	41.0	7.0	0.22823615467890854	3.0986534416121505	-1.3046736792400968	480.0	0.039346333615354834	528.0	1320.0
Human	FFF	Human_FFF	A1EP3XESXAG0EP	14	46.0	52.0	9.0	0.16863580778835763	3.1456961012228923	-1.441207017239302	416.0	0.05092601755926105	400.0	1196.0
Human	FFF	Human_FFF	A1EP3XESXAG0EP	15	42.0	53.0	7.0	0.12039119932667224	3.071513490283923	-1.1254853754351486	448.0	0.07439717359153274	448.0	1298.0
Human	FFF	Human_FFF	A1FG2G0J8M9Q0N	1	44.0	23.0	0.0	nan	nan	nan	nan	nan	nan	0.0
Human	FFF	Human_FFF	A1FG2G0J8M9Q0N	2	94.0	15.0	0.0	nan	nan	nan	nan	nan	nan	0.0
Human	FFF	Human_FFF	A1FG2G0J8M9Q0N	3	25.0	164.0	59.0	nan	nan	nan	nan	nan	nan	0.0
Human	FFF	Human_FFF	A1FG2G0J8M9Q0N	4	27.0	200.0	82.0	nan	nan	nan	nan	nan	nan	0.0
Human	FFF	Human_FFF	A1FG2G0J8M9Q0N	5	71.0	54.0	11.0	0.24787690768333856	2.9771279898354113	-0.8182326822990358	496.0	0.24090239899296786	496.0	634.0
Human	FFF	Human_FFF	A1FG2G0J8M9Q0N	6	60.0	43.0	4.0	0.2367770643998074	3.2089292824695965	-1.0219158136211968	464.0	0.281049108027433	496.0	714.0
Human	FFF	Human_FFF	A1FG2G0J8M9Q0N	7	72.0	27.0	0.0	0.26065559280304446	2.796215087761725	-1.0081781098415468	464.0	0.20767833226974272	496.0	746.0
Human	FFF	Human_FFF	A1FG2G0J8M9Q0N	8	65.0	36.0	0.0	0.257055930577211	2.7451626683946246	-0.9619273744621112	464.0	0.2651815149353864	464.0	936.0
Human	FFF	Human_FFF	A1FG2G0J8M9Q0N	9	51.0	34.0	0.0	0.3019210360214886	2.8670438871722457	-1.0880209300928432	496.0	0.3006838408594626	512.0	1032.0
Human	FFF	Human_FFF	A1FG2G0J8M9Q0N	10	47.0	20.0	0.0	0.35031659212745236	2.905537777977178	-1.193009029937041	528.0	0.3199793988045901	512.0	962.0
Human	FFF	Human_FFF	A1FG2G0J8M9Q0N	11	43.0	23.0	2.0	0.27986697929882903	2.946201963819761	-1.042758784978142	496.0	0.32505492383403883	496.0	1066.0
Human	FFF	Human_FFF	A1FG2G0J8M9Q0N	12	56.0	12.0	0.0	0.3746668981043025	2.7599257600253626	-1.1006396292875011	496.0	0.35651482619763114	496.0	1076.0
Human	FFF	Human_FFF	A1FG2G0J8M9Q0N	13	45.0	32.0	1.0	0.29874961386966314	2.826370036242489	-1.0361865192766004	480.0	0.3458416002803845	496.0	948.0
Human	FFF	Human_FFF	A1FG2G0J8M9Q0N	14	35.0	19.0	0.0	0.3591608939680153	2.850186167197144	-1.2237953882654447	496.0	0.41755096883159565	496.0	1168.0
Human	FFF	Human_FFF	A1FG2G0J8M9Q0N	15	46.0	21.0	0.0	0.29177294936009124	2.6909682367932537	-1.1611240121418076	496.0	0.32588381813414463	496.0	1358.0
Human	FFF	Human_FFF	A1RH69F7I73LRW	1	30.0	63.0	11.0	0.3758249163219723	3.359732485046313	-1.036519251286366	448.0	0.25200050532080137	448.0	1406.0
Human	FFF	Human_FFF	A1RH69F7I73LRW	2	20.0	38.0	3.0	0.38277731965879547	2.8640961173108197	-1.4311892920429101	432.0	0.1122036051408135	448.0	2126.0
Human	FFF	Human_FFF	A1RH69F7I73LRW	3	31.0	51.0	6.0	0.3326176033646429	3.0364108887825956	-1.368768629101816	416.0	0.11180686777177185	432.0	1812.0
Human	FFF	Human_FFF	A1RH69F7I73LRW	4	21.0	39.0	4.0	0.3524019701914107	2.838987160866686	-1.5996308577438887	400.0	0.15589572719247863	432.0	2326.0
Human	FFF	Human_FFF	A1RH69F7I73LRW	5	22.0	37.0	6.0	0.31011005322180996	2.8451199698927745	-1.5118660797630061	368.0	0.06274728252352778	384.0	2532.0
Human	FFF	Human_FFF	A1RH69F7I73LRW	6	25.0	48.0	9.0	0.3354070369532342	2.749802612421394	-1.5366427740496136	352.0	0.10568319243485733	400.0	2210.0
Human	FFF	Human_FFF	A1RH69F7I73LRW	7	25.0	40.0	4.0	0.33362690026875946	2.851555797742442	-1.2915521731673347	400.0	0.1285523137854334	432.0	2024.0
Human	FFF	Human_FFF	A1RH69F7I73LRW	8	13.0	25.0	5.0	0.31142790862238207	2.5919604108439236	-1.4037635414687275	368.0	0.08574235475175235	400.0	2752.0
Human	FFF	Human_FFF	A1RH69F7I73LRW	9	16.0	44.0	2.0	0.3882976100060054	2.8336225057481936	-1.5679946847939517	384.0	0.10560322541645799	400.0	2424.0
Human	FFF	Human_FFF	A1RH69F7I73LRW	10	20.0	43.0	2.0	0.3522987311400666	2.851367525498834	-1.4754997468635505	400.0	0.13205565322112042	400.0	2316.0
Human	FFF	Human_FFF	A1RH69F7I73LRW	11	17.0	45.0	8.0	0.3640828797991352	2.8119800802614052	-1.4562656611161673	368.0	0.15248118461088048	416.0	2210.0
Human	FFF	Human_FFF	A1RH69F7I73LRW	12	14.0	41.0	7.0	0.34664212877884587	2.7210631431034624	-1.4713141659498576	352.0	0.13651317479805966	400.0	2422.0
Human	FFF	Human_FFF	A1RH69F7I73LRW	13	13.0	39.0	4.0	0.33164796387343737	2.67436852229915	-1.5191454347685982	368.0	0.09989752116405387	416.0	2524.0
Human	FFF	Human_FFF	A1RH69F7I73LRW	14	30.0	49.0	6.0	0.35260371197996354	2.829314278904168	-1.4473342275854726	384.0	0.08681930574186457	400.0	2106.0
Human	FFF	Human_FFF	A1RH69F7I73LRW	15	22.0	38.0	10.0	0.35837072907454437	2.8062496816041556	-1.4533397117576694	368.0	0.061490795934018294	416.0	2226.0
Human	FFF	Human_FFF	A1RV2LERVS0A4H	1	72.0	51.0	13.0	nan	nan	nan	nan	nan	nan	0.0
Human	FFF	Human_FFF	A1RV2LERVS0A4H	2	100.0	101.0	14.0	nan	nan	nan	nan	nan	nan	0.0
Human	FFF	Human_FFF	A1RV2LERVS0A4H	3	56.0	136.0	46.0	nan	nan	nan	nan	nan	nan	0.0
Human	FFF	Human_FFF	A1RV2LERVS0A4H	4	90.0	80.0	26.0	nan	nan	nan	nan	nan	nan	0.0
Human	FFF	Human_FFF	A1RV2LERVS0A4H	5	50.0	94.0	67.0	0.2533743536946495	3.535222912509129	-0.40357070028171244	240.0	0.16815651221262848	320.0	0.0
Human	FFF	Human_FFF	A1RV2LERVS0A4H	6	59.0	121.0	42.0	nan	nan	nan	nan	nan	nan	0.0
Human	FFF	Human_FFF	A1RV2LERVS0A4H	7	66.0	130.0	45.0	nan	nan	nan	nan	nan	nan	0.0
Human	FFF	Human_FFF	A1RV2LERVS0A4H	8	69.0	69.0	27.0	0.0982689888665031	3.305234220503387	-0.7234784935033481	448.0	0.15369722103296793	448.0	52.0
Human	FFF	Human_FFF	A1RV2LERVS0A4H	9	58.0	93.0	31.0	0.15563638142150613	3.061697266598766	-0.7402251565938779	336.0	0.16952747879926444	432.0	32.0
Human	FFF	Human_FFF	A1RV2LERVS0A4H	10	61.0	88.0	21.0	nan	nan	nan	nan	nan	nan	0.0
Human	FFF	Human_FFF	A1RV2LERVS0A4H	11	51.0	74.0	6.0	0.11800477459378735	3.0573970895977043	-0.8894465379364311	368.0	0.2325554990234421	496.0	298.0
Human	FFF	Human_FFF	A1RV2LERVS0A4H	12	77.0	59.0	10.0	0.22655213881327113	3.90663779163689	-0.9602400832405991	464.0	0.22159616214160296	512.0	90.0
Human	FFF	Human_FFF	A1RV2LERVS0A4H	13	61.0	52.0	3.0	0.17151130388933616	3.1021516787088323	-0.9421501924035645	544.0	0.24179843371164153	528.0	548.0
Human	FFF	Human_FFF	A1RV2LERVS0A4H	14	78.0	30.0	7.0	0.13809366695617603	3.086553310992924	-0.9096277555593153	448.0	0.27238510009568934	528.0	546.0
Human	FFF	Human_FFF	A1RV2LERVS0A4H	15	60.0	45.0	1.0	0.2549397313327719	3.020015884778684	-0.9984976250521801	496.0	0.28874165952680164	496.0	728.0
Human	FFF	Human_FFF	A1SISJL5ST2PWH	1	40.0	53.0	15.0	0.2645307851192755	3.089031807787118	-1.031078128450293	352.0	0.12913987781202987	336.0	1320.0
Human	FFF	Human_FFF	A1SISJL5ST2PWH	2	24.0	40.0	6.0	0.3145351039085794	3.004896471680186	-1.1446797327847689	384.0	0.1141267812467021	384.0	1924.0
Human	FFF	Human_FFF	A1SISJL5ST2PWH	3	25.0	46.0	9.0	0.23739066189878785	3.103947655853632	-1.3023652669779355	400.0	0.06589374717715467	352.0	2012.0
Human	FFF	Human_FFF	A1SISJL5ST2PWH	4	27.0	46.0	13.0	0.34401128946228055	2.8813432941480803	-1.2702343851204558	336.0	0.06399429047294543	368.0	2012.0
Human	FFF	Human_FFF	A1SISJL5ST2PWH	5	15.0	32.0	1.0	0.43933549531847316	2.918905950169994	-1.5141156755568697	416.0	0.12336400451612034	416.0	2238.0
Human	FFF	Human_FFF	A1SISJL5ST2PWH	6	12.0	32.0	0.0	0.4175459335811887	2.774988259455017	-1.5611907178966224	400.0	0.12941155333223717	400.0	2538.0
Human	FFF	Human_FFF	A1SISJL5ST2PWH	7	11.0	32.0	0.0	0.35927322367469994	2.825504746354392	-1.4707481719410394	384.0	0.14997027318213535	384.0	2640.0
Human	FFF	Human_FFF	A1SISJL5ST2PWH	8	16.0	28.0	3.0	0.3776360654523502	2.7352443991891207	-1.2960202695732064	368.0	0.11221392339884177	368.0	2646.0
Human	FFF	Human_FFF	A1SISJL5ST2PWH	9	11.0	35.0	3.0	0.4252813389375693	2.7446247031478728	-1.3800020713008176	400.0	0.17716720580583614	384.0	2530.0
Human	FFF	Human_FFF	A1SISJL5ST2PWH	10	21.0	38.0	3.0	0.34959815391482485	2.9087172579249856	-1.3725991630672763	400.0	0.10019711378709939	384.0	2330.0
Human	FFF	Human_FFF	A1SISJL5ST2PWH	11	12.0	27.0	1.0	0.30717135529013356	2.6955608000100746	-1.3729785698053163	400.0	0.07772277662008556	400.0	2648.0
Human	FFF	Human_FFF	A1SISJL5ST2PWH	12	12.0	32.0	12.0	0.20939821078205456	2.8221696953486224	-1.1890746997259354	352.0	0.06527139447608683	416.0	2444.0
Human	FFF	Human_FFF	A1SISJL5ST2PWH	13	22.0	52.0	9.0	0.3951773950935379	2.754535874993601	-1.3010280002781016	320.0	0.11290713747008783	384.0	2496.0
Human	FFF	Human_FFF	A1SISJL5ST2PWH	14	8.0	23.0	10.0	0.3838396960147521	2.5680934397309674	-1.309021529484739	352.0	0.10517948917105735	368.0	2754.0
Human	FFF	Human_FFF	A1SISJL5ST2PWH	15	10.0	32.0	5.0	0.39679637324768646	2.7520164005658674	-1.23383270272776	352.0	0.10304399311098413	384.0	2638.0
Human	FFF	Human_FFF	A1U2A42K8FV3RA	1	47.0	95.0	43.0	0.19952683293921403	3.1778131190321033	-0.7600384993044758	480.0	0.08812637291176831	432.0	390.0
Human	FFF	Human_FFF	A1U2A42K8FV3RA	2	20.0	39.0	10.0	0.3446840731471976	3.003099711494227	-1.3178487290387364	480.0	0.18691130467264522	416.0	1622.0
Human	FFF	Human_FFF	A1U2A42K8FV3RA	3	38.0	38.0	8.0	0.31216170626517287	2.8995809905466494	-1.281092754284499	464.0	0.09693903279286338	400.0	1424.0
Human	FFF	Human_FFF	A1U2A42K8FV3RA	4	34.0	45.0	11.0	0.20798339808507313	3.0115076882919123	-1.306658657339409	432.0	0.06921978219196841	352.0	1610.0
Human	FFF	Human_FFF	A1U2A42K8FV3RA	5	23.0	41.0	14.0	0.3146290463052318	2.9287172069260623	-1.344125349850793	432.0	0.12903691813591853	416.0	1722.0
Human	FFF	Human_FFF	A1U2A42K8FV3RA	6	24.0	27.0	11.0	0.3273430544967092	2.852759775150996	-1.3652044167740804	416.0	0.042775160486596644	384.0	1948.0
Human	FFF	Human_FFF	A1U2A42K8FV3RA	7	25.0	45.0	15.0	0.22836187318739595	3.0414672801539115	-1.3923729615385363	432.0	0.04322401800647581	416.0	1418.0
Human	FFF	Human_FFF	A1U2A42K8FV3RA	8	37.0	37.0	14.0	0.21200508558267517	2.9632446096225546	-1.1480344388942259	416.0	0.07369655037801341	384.0	1330.0
Human	FFF	Human_FFF	A1U2A42K8FV3RA	9	29.0	33.0	5.0	0.33907994857654755	2.7758664220971383	-1.4020061589597863	432.0	0.2107804574182533	400.0	1736.0
Human	FFF	Human_FFF	A1U2A42K8FV3RA	10	29.0	43.0	9.0	0.2998204972373029	3.0604530109591668	-1.4442953731396475	432.0	0.09208300039486342	432.0	1622.0
Human	FFF	Human_FFF	A1U2A42K8FV3RA	11	28.0	33.0	10.0	0.2867143115200952	2.8339305730228004	-1.3756767345071756	400.0	0.12788986548190498	400.0	1944.0
Human	FFF	Human_FFF	A1U2A42K8FV3RA	12	27.0	43.0	9.0	0.29621002138114727	2.8676284080994243	-1.3288257505744583	384.0	0.14139596809706992	384.0	1918.0
Human	FFF	Human_FFF	A1U2A42K8FV3RA	13	18.0	25.0	15.0	0.2078331266514077	2.8233439859615745	-1.3618395808504675	368.0	0.15573178096873333	400.0	1954.0
Human	FFF	Human_FFF	A1U2A42K8FV3RA	14	25.0	44.0	10.0	0.33017679714245796	2.8533461235219333	-1.3694587667310976	400.0	0.1323422502303183	416.0	1816.0
Human	FFF	Human_FFF	A1U2A42K8FV3RA	15	16.0	42.0	10.0	0.261910690368467	2.794469144459425	-1.2857505600681634	384.0	0.14725973452349705	400.0	2020.0
Human	FFF	Human_FFF	A1U6L1L2CUQNU5	1	89.0	144.0	48.0	nan	nan	nan	nan	nan	nan	0.0
Human	FFF	Human_FFF	A1U6L1L2CUQNU5	2	78.0	80.0	15.0	0.3375902849047413	3.302881437471582	-1.1534582633003287	560.0	0.18671658026343957	464.0	144.0
Human	FFF	Human_FFF	A1U6L1L2CUQNU5	3	62.0	57.0	6.0	0.28107133660739597	3.09597470536331	-1.0167275560494582	528.0	0.07564070672480053	592.0	694.0
Human	FFF	Human_FFF	A1U6L1L2CUQNU5	4	90.0	97.0	11.0	0.2845166417838316	2.917645377535993	-1.0227594364711794	496.0	0.16952930002773192	464.0	1026.0
Human	FFF	Human_FFF	A1U6L1L2CUQNU5	5	51.0	79.0	9.0	0.17238736280670405	2.9833733824289985	-0.916552668070071	480.0	0.08743750631673403	432.0	450.0
Human	FFF	Human_FFF	A1U6L1L2CUQNU5	6	27.0	35.0	2.0	0.2579155449509315	2.964667351991905	-1.066480602967053	512.0	0.1179435813606165	432.0	1330.0
Human	FFF	Human_FFF	A1U6L1L2CUQNU5	7	44.0	42.0	9.0	0.16312937036079253	2.666670116701303	-1.0545518816347574	480.0	0.12671608974186052	432.0	1216.0
Human	FFF	Human_FFF	A1U6L1L2CUQNU5	8	33.0	39.0	4.0	0.33031105021298446	2.7823667220995896	-1.160360033685886	512.0	0.1256933755205533	496.0	1554.0
Human	FFF	Human_FFF	A1U6L1L2CUQNU5	9	23.0	26.0	2.0	0.33033324655150603	2.859773615324534	-1.2332365952508004	512.0	0.19189567463565674	480.0	1650.0
Human	FFF	Human_FFF	A1U6L1L2CUQNU5	10	20.0	36.0	1.0	0.3052736745742048	2.7985366535938083	-1.2339118118383359	512.0	0.21049230007123507	480.0	1536.0
Human	FFF	Human_FFF	A1U6L1L2CUQNU5	11	28.0	50.0	10.0	0.17824546149138432	2.6412701705106754	-1.0557112285146983	480.0	0.12675287854545378	464.0	1402.0
Human	FFF	Human_FFF	A1U6L1L2CUQNU5	12	25.0	32.0	1.0	0.2898017888488604	2.5075438619783545	-1.1372627122584462	464.0	0.21381325640356258	464.0	1936.0
Human	FFF	Human_FFF	A1U6L1L2CUQNU5	13	29.0	35.0	4.0	0.298638167274937	2.379117593705505	-1.2292246874985997	496.0	0.1869271554597502	448.0	1630.0
Human	FFF	Human_FFF	A1U6L1L2CUQNU5	14	26.0	38.0	7.0	0.2853411225296834	2.8292886220486744	-1.0561321880888697	496.0	0.28240911967906307	480.0	1534.0
Human	FFF	Human_FFF	A1U6L1L2CUQNU5	15	17.0	22.0	0.0	0.3617226542136962	2.7288114929826452	-1.164324931862568	512.0	0.2439445656634328	496.0	1858.0
Human	FFF	Human_FFF	A25W2106F90G7L	1	37.0	64.0	4.0	0.26914222541500904	3.073536205380086	-0.9137712544106379	496.0	0.14920721837411183	208.0	78.0
Human	FFF	Human_FFF	A25W2106F90G7L	2	54.0	68.0	8.0	0.1128403788780483	3.2036002786774573	-0.8626738703214947	416.0	0.13405361010794115	432.0	308.0
Human	FFF	Human_FFF	A25W2106F90G7L	3	39.0	49.0	6.0	0.21154469066711795	3.4223530876617203	-0.7459115839707084	448.0	0.13012577198296787	432.0	302.0
Human	FFF	Human_FFF	A25W2106F90G7L	4	46.0	55.0	5.0	0.12438131758485965	3.271574581200875	-0.944291530397999	448.0	0.19484954382782826	432.0	514.0
Human	FFF	Human_FFF	A25W2106F90G7L	5	47.0	53.0	5.0	0.20259750661768314	3.0822531030534304	-0.8700924641086968	464.0	0.17628737434006872	432.0	902.0
Human	FFF	Human_FFF	A25W2106F90G7L	6	39.0	72.0	12.0	0.2478602450546131	2.900293109164969	-0.937821808443561	416.0	0.1595646633625776	416.0	590.0
Human	FFF	Human_FFF	A25W2106F90G7L	7	33.0	36.0	8.0	0.28833239342413275	3.0916695899499764	-1.003478850666424	448.0	0.1420093664722071	464.0	836.0
Human	FFF	Human_FFF	A25W2106F90G7L	8	44.0	41.0	5.0	0.3122428602177497	2.8466974929192594	-0.9970148575725855	464.0	0.2039987373427142	464.0	718.0
Human	FFF	Human_FFF	A25W2106F90G7L	9	35.0	40.0	6.0	0.29817619875855406	2.9491538472487737	-1.0931041193391378	464.0	0.2057957993436837	448.0	1320.0
Human	FFF	Human_FFF	A25W2106F90G7L	10	47.0	43.0	4.0	0.34788900122755273	3.1393234008347215	-1.1759748322760042	464.0	0.22971316476925838	464.0	922.0
Human	FFF	Human_FFF	A25W2106F90G7L	11	40.0	37.0	8.0	0.24584395052877642	2.9868924261131813	-0.9385857993682141	448.0	0.21548215906940066	448.0	1134.0
Human	FFF	Human_FFF	A25W2106F90G7L	12	41.0	43.0	10.0	0.26047100855387223	2.931223254043032	-1.041738660067117	464.0	0.1673474251897322	464.0	826.0
Human	FFF	Human_FFF	A25W2106F90G7L	13	46.0	56.0	15.0	0.34947711142675614	3.0183557935144147	-1.0482680831753768	448.0	0.21274507193619657	448.0	690.0
Human	FFF	Human_FFF	A25W2106F90G7L	14	44.0	45.0	4.0	0.28353099992091474	2.6814366677853485	-1.1841236895669707	448.0	0.2446879997465838	448.0	1422.0
Human	FFF	Human_FFF	A25W2106F90G7L	15	35.0	43.0	17.0	0.16110192880169846	3.040787097293647	-0.912244872708456	432.0	0.1733795347616313	448.0	1122.0
Human	FFF	Human_FFF	A2BFFKEYMCBFWW	1	80.0	35.0	4.0	0.041980809774146866	2.803591078087308	-1.0386320899612058	432.0	0.11195321036342054	448.0	848.0
Human	FFF	Human_FFF	A2BFFKEYMCBFWW	2	69.0	30.0	3.0	0.17542581171667995	2.6497338749143986	-1.0931809941905004	512.0	0.213291302303328	496.0	848.0
Human	FFF	Human_FFF	A2BFFKEYMCBFWW	3	79.0	43.0	0.0	0.07203739483566055	2.0119094413874588	-1.102890261111853	432.0	0.11419231820020091	432.0	1420.0
Human	FFF	Human_FFF	A2BFFKEYMCBFWW	4	57.0	30.0	0.0	0.20315223567859989	1.889369537703243	-1.2202509961352734	464.0	0.28142214294896745	464.0	1540.0
Human	FFF	Human_FFF	A2BFFKEYMCBFWW	5	57.0	30.0	3.0	0.2015810408929483	2.58645593417881	-1.120988705102748	464.0	0.21997308746811248	464.0	1242.0
Human	FFF	Human_FFF	A2BFFKEYMCBFWW	6	46.0	21.0	1.0	0.14698325262188014	2.1190194318440327	-1.3027730029705378	528.0	0.20468626672735366	464.0	1562.0
Human	FFF	Human_FFF	A2BFFKEYMCBFWW	7	28.0	12.0	2.0	0.27075240900396885	2.4920224978881493	1.0261032488518074	512.0	0.33191184656879125	512.0	1880.0
Human	FFF	Human_FFF	A2BFFKEYMCBFWW	8	27.0	18.0	0.0	0.28123983532187236	2.2052820530636916	-1.3966179017335283	496.0	0.38176442790944637	496.0	1766.0
Human	FFF	Human_FFF	A2BFFKEYMCBFWW	9	21.0	14.0	0.0	0.33693587801197283	2.2824690565750725	-1.6344159069396642	496.0	0.446197520911135	512.0	1874.0
Human	FFF	Human_FFF	A2BFFKEYMCBFWW	10	31.0	23.0	0.0	0.27214975728792473	2.209769868810703	-1.507347534301283	496.0	0.38360233877058086	496.0	1554.0
Human	FFF	Human_FFF	A2BFFKEYMCBFWW	11	23.0	15.0	0.0	0.25389737702863846	2.096889142128629	-1.5094531067180914	496.0	0.39399515893893167	512.0	1770.0
Human	FFF	Human_FFF	A2BFFKEYMCBFWW	12	18.0	14.0	0.0	0.3348223575708679	2.082918093948979	-1.5790952105763738	496.0	0.47439480907957854	512.0	1972.0
Human	FFF	Human_FFF	A2BFFKEYMCBFWW	13	23.0	17.0	1.0	0.3961366824722793	2.367200058515781	-1.564910380287516	496.0	0.46321292570235295	496.0	1668.0
Human	FFF	Human_FFF	A2BFFKEYMCBFWW	14	34.0	26.0	2.0	0.2169219437325603	2.1385318458968285	-1.3563915864046217	480.0	0.3086450934606502	480.0	1448.0
Human	FFF	Human_FFF	A2BFFKEYMCBFWW	15	33.0	30.0	2.0	0.17594947809551076	2.763671907006313	-1.1294081830558529	496.0	0.30963646236237685	496.0	1444.0
Human	FFF	Human_FFF	A2DMUU9GE8QA5Q	1	38.0	104.0	18.0	nan	nan	nan	nan	nan	nan	0.0
Human	FFF	Human_FFF	A2DMUU9GE8QA5Q	2	46.0	200.0	86.0	nan	nan	nan	nan	nan	nan	0.0
Human	FFF	Human_FFF	A2DMUU9GE8QA5Q	3	44.0	127.0	11.0	nan	nan	nan	nan	nan	nan	0.0
Human	FFF	Human_FFF	A2DMUU9GE8QA5Q	4	31.0	162.0	5.0	0.13008433186058013	2.6815075812192015	-1.1485910029707846	432.0	0.172522409945785	400.0	730.0
Human	FFF	Human_FFF	A2DMUU9GE8QA5Q	5	35.0	168.0	21.0	0.11259548867816069	2.8321856685334192	-0.8172489803657906	368.0	0.2411862651737194	432.0	362.0
Human	FFF	Human_FFF	A2DMUU9GE8QA5Q	6	32.0	139.0	31.0	0.21138758276334133	2.837160555078435	-1.0082297802789155	416.0	0.2558502654090888	448.0	540.0
Human	FFF	Human_FFF	A2DMUU9GE8QA5Q	7	26.0	149.0	14.0	0.14859803398801444	2.5028067221141734	-1.1606166224711185	448.0	0.19566083503147308	480.0	924.0
Human	FFF	Human_FFF	A2DMUU9GE8QA5Q	8	30.0	174.0	17.0	0.1864208781301548	2.9233261306313527	-1.128398943703154	432.0	0.2727148703718846	464.0	460.0
Human	FFF	Human_FFF	A2DMUU9GE8QA5Q	9	28.0	139.0	19.0	0.20734038633627727	2.8369686489740116	-0.9256680907902137	464.0	0.2677835590975571	464.0	562.0
Human	FFF	Human_FFF	A2DMUU9GE8QA5Q	10	39.0	116.0	15.0	0.23958845543238985	3.007163164387681	-1.09817551860538	432.0	0.30771011092334316	432.0	512.0
Human	FFF	Human_FFF	A2DMUU9GE8QA5Q	11	22.0	141.0	5.0	0.3004358892810078	2.489134446169415	-1.1180964364687322	464.0	0.33788916053404144	464.0	1242.0
Human	FFF	Human_FFF	A2DMUU9GE8QA5Q	12	43.0	104.0	4.0	0.2358217106497361	2.7616566297421206	-1.1072748351197337	448.0	0.2766238125513671	432.0	1220.0
Human	FFF	Human_FFF	A2DMUU9GE8QA5Q	13	31.0	115.0	12.0	0.34235122741725993	2.630013833496579	-1.2174609179742923	464.0	0.35197522224914324	448.0	1018.0
Human	FFF	Human_FFF	A2DMUU9GE8QA5Q	14	30.0	120.0	8.0	0.3180318898345591	2.513165868339408	-1.1187287526772725	464.0	0.35261137316664354	464.0	1302.0
Human	FFF	Human_FFF	A2DMUU9GE8QA5Q	15	29.0	96.0	16.0	0.3090116950950328	2.528234074699799	-1.1929748055280538	448.0	0.35453848072417543	448.0	1252.0
Human	FFF	Human_FFF	A2FM6APZP3FN22	1	14.0	16.0	0.0	nan	nan	nan	nan	nan	nan	0.0
Human	FFF	Human_FFF	A2FM6APZP3FN22	2	28.0	97.0	31.0	nan	nan	nan	nan	nan	nan	0.0
Human	FFF	Human_FFF	A2FM6APZP3FN22	3	38.0	187.0	50.0	0.06452738891250996	4.042195090842306	-0.711636027028559	224.0	0.21113460521611543	272.0	0.0
Human	FFF	Human_FFF	A2FM6APZP3FN22	4	41.0	200.0	31.0	nan	nan	nan	nan	nan	nan	0.0
Human	FFF	Human_FFF	A2FM6APZP3FN22	5	25.0	197.0	54.0	nan	nan	nan	nan	nan	nan	0.0
Human	FFF	Human_FFF	A2FM6APZP3FN22	6	31.0	141.0	12.0	0.22814633317771854	3.3449029131140176	-0.624098052982935	432.0	0.23115284445710704	416.0	492.0
Human	FFF	Human_FFF	A2FM6APZP3FN22	7	38.0	80.0	2.0	0.38232529687268063	2.9658860007274925	-0.9895251973023192	464.0	0.2611458982524692	464.0	848.0
Human	FFF	Human_FFF	A2FM6APZP3FN22	8	36.0	82.0	2.0	0.27918917334043164	3.1686676038872554	-0.897181167127915	464.0	0.21022867952627916	448.0	652.0
Human	FFF	Human_FFF	A2FM6APZP3FN22	9	39.0	62.0	1.0	0.3289479404522654	2.974303648290874	-0.975222234376608	448.0	0.29403794244793885	480.0	784.0
Human	FFF	Human_FFF	A2FM6APZP3FN22	10	43.0	68.0	1.0	0.3188777268400223	2.7830398244137533	-1.0307971486658851	464.0	0.33963352742287584	464.0	980.0
Human	FFF	Human_FFF	A2FM6APZP3FN22	11	75.0	150.0	4.0	0.30244157361090934	2.7454185474698187	2.1734638252146676	464.0	0.2796653167953884	464.0	410.0
Human	FFF	Human_FFF	A2FM6APZP3FN22	12	50.0	69.0	2.0	0.3140762927315029	3.151776739972997	-0.9694705727099473	464.0	0.2316057135640126	464.0	576.0
Human	FFF	Human_FFF	A2FM6APZP3FN22	13	45.0	71.0	4.0	0.3352294592844542	3.03202491148716	-1.034016916483023	464.0	0.3198994054869824	464.0	662.0
Human	FFF	Human_FFF	A2FM6APZP3FN22	14	41.0	62.0	1.0	0.34794245647823535	2.9106715461226282	-1.0659213581944593	464.0	0.31252062238759365	464.0	878.0
Human	FFF	Human_FFF	A2FM6APZP3FN22	15	46.0	39.0	1.0	0.34116753747503625	2.594701000296986	-1.086190838782051	464.0	0.33405982630357456	464.0	1134.0
Human	FFF	Human_FFF	A2PW5825FIRONK	1	45.0	72.0	5.0	0.36152033732419175	2.9994997364973193	-0.8475961340466348	528.0	0.2530039765958229	528.0	546.0
Human	FFF	Human_FFF	A2PW5825FIRONK	2	18.0	96.0	13.0	nan	nan	nan	nan	nan	nan	0.0
Human	FFF	Human_FFF	A2PW5825FIRONK	3	29.0	140.0	24.0	nan	nan	nan	nan	nan	nan	0.0
Human	FFF	Human_FFF	A2PW5825FIRONK	4	33.0	188.0	100.0	nan	nan	nan	nan	nan	nan	0.0
Human	FFF	Human_FFF	A2PW5825FIRONK	5	32.0	200.0	100.0	nan	nan	nan	nan	nan	nan	0.0
Human	FFF	Human_FFF	A2PW5825FIRONK	6	66.0	94.0	21.0	0.12254874651410377	3.432848821716024	-0.6098918638337122	400.0	0.10533514109318996	240.0	4.0
Human	FFF	Human_FFF	A2PW5825FIRONK	7	64.0	102.0	31.0	nan	nan	nan	nan	nan	nan	0.0
Human	FFF	Human_FFF	A2PW5825FIRONK	8	65.0	130.0	32.0	nan	nan	nan	nan	nan	nan	0.0
Human	FFF	Human_FFF	A2PW5825FIRONK	9	41.0	83.0	13.0	0.19751410370367606	3.462861863000247	-0.6911486918935754	416.0	0.0657601044136223	256.0	104.0
Human	FFF	Human_FFF	A2PW5825FIRONK	10	51.0	60.0	13.0	0.20249497849021134	3.2803739031369403	-0.7606778440853561	416.0	0.09374117437842669	208.0	230.0
Human	FFF	Human_FFF	A2PW5825FIRONK	11	48.0	89.0	20.0	0.23004851190964257	3.3500099561037304	-0.7024817158187504	400.0	0.12595545063043012	416.0	14.0
Human	FFF	Human_FFF	A2PW5825FIRONK	12	51.0	56.0	22.0	0.25046556134151493	3.249244290471767	-0.7548407782937017	448.0	0.17648259468874544	464.0	120.0
Human	FFF	Human_FFF	A2PW5825FIRONK	13	26.0	42.0	16.0	0.33639645827155934	3.266387276619725	-0.7735795906063672	448.0	0.26624255099771343	464.0	432.0
Human	FFF	Human_FFF	A2PW5825FIRONK	14	47.0	64.0	9.0	0.2908779305706865	3.057590926192197	-0.8044424287855564	432.0	0.2263589409841088	464.0	378.0
Human	FFF	Human_FFF	A2PW5825FIRONK	15	57.0	57.0	18.0	0.30199783255554996	3.4866518838755627	-0.7636124800694643	400.0	0.21958786967862048	432.0	86.0
Human	FFF	Human_FFF	A2RY4MK1FONYH1	1	56.0	78.0	17.0	0.34368103481316964	3.1513686609829517	-0.8665894947677758	512.0	0.2847438512287869	528.0	554.0
Human	FFF	Human_FFF	A2RY4MK1FONYH1	2	27.0	54.0	4.0	0.4316083514924546	2.9556457266386853	-1.1081191341700842	528.0	0.4287388516599311	528.0	792.0
Human	FFF	Human_FFF	A2RY4MK1FONYH1	3	24.0	42.0	4.0	0.3500587760385992	3.16716946285548	-1.431789818144878	512.0	0.36358794431769687	496.0	1322.0
Human	FFF	Human_FFF	A2RY4MK1FONYH1	4	55.0	70.0	6.0	0.2867362924696345	2.942035786843474	-1.275445773014835	480.0	0.24732302081779578	480.0	796.0
Human	FFF	Human_FFF	A2RY4MK1FONYH1	5	37.0	70.0	8.0	0.3946894538466501	3.170758857837574	-1.097253193518302	496.0	0.3230017260080857	480.0	762.0
Human	FFF	Human_FFF	A2RY4MK1FONYH1	6	54.0	78.0	5.0	0.2895862294671297	3.2409941410506558	-1.0060078505973669	464.0	0.26129388210631826	448.0	554.0
Human	FFF	Human_FFF	A2RY4MK1FONYH1	7	48.0	57.0	3.0	0.2654676122285224	3.097465773717908	-1.2370843024439795	496.0	0.23184081354106573	496.0	998.0
Human	FFF	Human_FFF	A2RY4MK1FONYH1	8	47.0	89.0	7.0	0.26039228624992333	3.0352547683214155	-1.2635688879589901	464.0	0.21683348359620355	496.0	934.0
Human	FFF	Human_FFF	A2RY4MK1FONYH1	9	56.0	89.0	11.0	0.4015066552063931	3.061959201158156	-1.0758248030176765	464.0	0.3281667426014523	464.0	628.0
Human	FFF	Human_FFF	A2RY4MK1FONYH1	10	46.0	68.0	5.0	0.21690585599858767	3.155013808419894	-1.1089148844806311	496.0	0.20729711431814982	480.0	1014.0
Human	FFF	Human_FFF	A2RY4MK1FONYH1	11	42.0	63.0	2.0	0.34352088358215993	3.0115505908623765	-1.3240574898506354	496.0	0.3434728388256073	480.0	980.0
Human	FFF	Human_FFF	A2RY4MK1FONYH1	12	42.0	61.0	4.0	0.2812384092939171	3.03844161447994	-1.2174435301242887	448.0	0.20660233930901337	432.0	1290.0
Human	FFF	Human_FFF	A2RY4MK1FONYH1	13	47.0	76.0	2.0	0.27951048533331146	3.0642632503422096	-1.4051425587933837	448.0	0.24961140759243738	432.0	1156.0
Human	FFF	Human_FFF	A2RY4MK1FONYH1	14	44.0	67.0	6.0	0.34081294708969984	3.017313736560661	-1.4592743268294708	448.0	0.30098039777385943	448.0	1274.0
Human	FFF	Human_FFF	A2RY4MK1FONYH1	15	35.0	61.0	5.0	0.41265434836137604	3.143253538456949	-1.4415174429901698	480.0	0.3586461987258464	480.0	1388.0
Human	FFF	Human_FFF	A2W8TJXW68442D	1	55.0	122.0	11.0	0.36923962394515814	4.102367919334435	-0.9232959064269005	608.0	0.37635228100906504	624.0	96.0
Human	FFF	Human_FFF	A2W8TJXW68442D	2	62.0	101.0	9.0	0.2514344074561981	3.013724876942151	-1.0857449301701552	480.0	0.2590098421656207	480.0	270.0
Human	FFF	Human_FFF	A2W8TJXW68442D	3	52.0	119.0	19.0	0.21771945247328403	3.036106071134507	-0.9277169525614316	496.0	0.23192859461337265	480.0	324.0
Human	FFF	Human_FFF	A2W8TJXW68442D	4	50.0	83.0	15.0	0.25284215589756864	3.033076638588861	-1.2354551876548594	480.0	0.25816337014165386	464.0	656.0
Human	FFF	Human_FFF	A2W8TJXW68442D	5	35.0	65.0	19.0	0.09599287308365857	2.942353592922682	-1.0807696727671225	352.0	0.18340763988571177	432.0	1176.0
Human	FFF	Human_FFF	A2W8TJXW68442D	6	35.0	65.0	11.0	0.20263349102218486	2.9985943975173477	-1.1769772181673743	448.0	0.23155742018459613	416.0	1176.0
Human	FFF	Human_FFF	A2W8TJXW68442D	7	41.0	70.0	10.0	0.2794183549621448	3.3285110033989755	-1.2889224529034695	448.0	0.26661307017763974	448.0	868.0
Human	FFF	Human_FFF	A2W8TJXW68442D	8	32.0	56.0	5.0	0.34677720626324054	3.0658342416602316	-1.3004640624816457	448.0	0.28363332356983245	448.0	1292.0
Human	FFF	Human_FFF	A2W8TJXW68442D	9	48.0	67.0	17.0	0.24662445676382116	2.8577410354719	-1.173939779433298	416.0	0.31281129043374467	416.0	870.0
Human	FFF	Human_FFF	A2W8TJXW68442D	10	40.0	60.0	5.0	0.3651109918174414	3.0169429939881254	-1.3329860489676453	448.0	0.286608979473598	448.0	1280.0
Human	FFF	Human_FFF	A2W8TJXW68442D	11	33.0	50.0	3.0	0.4692225613150442	3.118166658018406	-1.3006855976242888	464.0	0.34107233034865764	464.0	1308.0
Human	FFF	Human_FFF	A2W8TJXW68442D	12	27.0	50.0	2.0	0.3398824157432414	3.1659263445114423	-1.4069927555231647	448.0	0.35732767151998196	448.0	1400.0
Human	FFF	Human_FFF	A2W8TJXW68442D	13	29.0	49.0	0.0	0.36267399259044353	3.087093448367996	-1.4834665257397903	448.0	0.2405906313485729	432.0	1706.0
Human	FFF	Human_FFF	A2W8TJXW68442D	14	28.0	52.0	4.0	0.32243884113948706	3.021514009007834	-1.384371800650621	432.0	0.31750786816278515	448.0	1502.0
Human	FFF	Human_FFF	A2W8TJXW68442D	15	30.0	45.0	1.0	0.30981097705590305	2.965697736805268	-1.3936912280124523	448.0	0.312675373120519	448.0	1714.0
Human	FFF	Human_FFF	A376AZWIBALRC	1	36.0	200.0	47.0	nan	nan	nan	nan	nan	nan	0.0
Human	FFF	Human_FFF	A376AZWIBALRC	2	34.0	200.0	44.0	nan	nan	nan	nan	nan	nan	0.0
Human	FFF	Human_FFF	A376AZWIBALRC	3	31.0	145.0	10.0	nan	nan	nan	nan	nan	nan	0.0
Human	FFF	Human_FFF	A376AZWIBALRC	4	29.0	200.0	27.0	0.1844796646814206	3.1227010908637913	-0.5009607575146416	176.0	0.05403884036918451	240.0	164.0
Human	FFF	Human_FFF	A376AZWIBALRC	5	37.0	90.0	6.0	0.3845940098312947	2.939756152976514	-0.9720446333513105	496.0	0.3137403443264512	480.0	644.0
Human	FFF	Human_FFF	A376AZWIBALRC	6	55.0	120.0	14.0	0.225968676805783	3.093650048983727	-0.6642681412476766	496.0	0.2451305265035422	480.0	180.0
Human	FFF	Human_FFF	A376AZWIBALRC	7	25.0	69.0	12.0	0.46752315499540237	2.871418322229091	-0.9754987323296862	496.0	0.37250252525168037	496.0	790.0
Human	FFF	Human_FFF	A376AZWIBALRC	8	25.0	80.0	2.0	0.5440016205939332	3.167708502286661	-0.9401404462293443	480.0	0.4857807076826745	480.0	544.0
Human	FFF	Human_FFF	A376AZWIBALRC	9	35.0	62.0	1.0	0.35782207427139034	2.9130417849189425	-1.1116236733231957	512.0	0.3995876742788683	496.0	978.0
Human	FFF	Human_FFF	A376AZWIBALRC	10	21.0	40.0	0.0	0.5561257350980063	3.1593730044278887	-1.0668441523017553	496.0	0.46742229903903	496.0	1130.0
Human	FFF	Human_FFF	A376AZWIBALRC	11	20.0	46.0	5.0	0.5194162379418408	2.9249616979077864	-1.0526875660504065	496.0	0.45665303645180055	496.0	1108.0
Human	FFF	Human_FFF	A376AZWIBALRC	12	25.0	49.0	0.0	0.4799361480852562	2.8747767814417644	-1.1002154063681335	512.0	0.4632062806135093	496.0	908.0
Human	FFF	Human_FFF	A376AZWIBALRC	13	37.0	72.0	12.0	0.5221368157772147	3.0629611651500994	-1.1885814752572794	512.0	0.4099061378440312	512.0	372.0
Human	FFF	Human_FFF	A376AZWIBALRC	14	23.0	68.0	3.0	0.4609363232890695	2.877303631021591	-0.9639735453517332	512.0	0.4325052108770391	496.0	468.0
Human	FFF	Human_FFF	A376AZWIBALRC	15	28.0	90.0	6.0	0.4191872374622967	2.9737731251993766	-0.9502432761323175	480.0	0.42774013971538716	480.0	220.0
Human	FFF	Human_FFF	A38V6MB0UIXY0N	1	0.0	0.0	0.0	nan	nan	nan	nan	nan	nan	12.0
Human	FFF	Human_FFF	A38V6MB0UIXY0N	2	49.0	47.0	10.0	0.36040122993671675	2.7854307485363536	2.4207336671705786	512.0	0.2614320762359455	512.0	846.0
Human	FFF	Human_FFF	A38V6MB0UIXY0N	3	31.0	38.0	0.0	0.3407637863396791	2.9367137317066554	-1.133647443060221	496.0	0.3336874056869058	480.0	930.0
Human	FFF	Human_FFF	A38V6MB0UIXY0N	4	35.0	32.0	0.0	0.3431886259566313	2.953680257942598	-1.1631458675240178	496.0	0.2571591850480577	480.0	1138.0
Human	FFF	Human_FFF	A38V6MB0UIXY0N	5	19.0	15.0	0.0	0.4443076359031475	2.6238807086322042	-1.2339301970217815	512.0	0.3491364776099208	496.0	1474.0
Human	FFF	Human_FFF	A38V6MB0UIXY0N	6	30.0	21.0	1.0	0.41810035705988163	2.6568996265272964	-1.2239789212576144	496.0	0.3654178877066126	496.0	1160.0
Human	FFF	Human_FFF	A38V6MB0UIXY0N	7	18.0	12.0	0.0	0.4477073347519446	2.5849594145276904	-1.3570976674159705	496.0	0.4197263277044396	496.0	1078.0
Human	FFF	Human_FFF	A38V6MB0UIXY0N	8	19.0	15.0	0.0	0.41077295111618795	2.8620319391060565	-1.2885843972012225	496.0	0.39571197132187863	496.0	1172.0
Human	FFF	Human_FFF	A38V6MB0UIXY0N	9	26.0	11.0	0.0	0.43778763759661304	3.091094497831983	-1.2658002167131384	512.0	0.38314922254870803	480.0	1180.0
Human	FFF	Human_FFF	A38V6MB0UIXY0N	10	24.0	12.0	1.0	0.4985149567177385	3.412438637355694	-1.1609016650633364	480.0	0.355687038804075	480.0	876.0
Human	FFF	Human_FFF	A38V6MB0UIXY0N	11	19.0	11.0	4.0	0.44033222447312637	3.218166607620743	-1.0166574971665245	496.0	0.3404774226754888	480.0	890.0
Human	FFF	Human_FFF	A38V6MB0UIXY0N	12	53.0	32.0	1.0	0.42242871156099354	2.9290405862094655	-1.221881893298733	496.0	0.36446845816535195	496.0	768.0
Human	FFF	Human_FFF	A38V6MB0UIXY0N	13	13.0	1.0	0.0	0.5648236134559121	3.3832361108964792	-1.3471450110026022	512.0	0.36657854067419454	512.0	998.0
Human	FFF	Human_FFF	A38V6MB0UIXY0N	14	19.0	10.0	1.0	0.5159574841924873	3.233261964474407	2.1874274540262135	496.0	0.3878751169776962	496.0	1398.0
Human	FFF	Human_FFF	A38V6MB0UIXY0N	15	10.0	4.0	0.0	0.5862932510927985	3.3939538280745873	-1.2839270627206132	512.0	0.41099765133029903	496.0	1194.0
Human	FFF	Human_FFF	A3D1QQ8BEO75C6	1	63.0	133.0	45.0	nan	nan	nan	nan	nan	nan	0.0
Human	FFF	Human_FFF	A3D1QQ8BEO75C6	2	46.0	79.0	20.0	0.27031025615971743	2.6585822026152677	-0.9353256856621495	496.0	0.22128524559353663	480.0	792.0
Human	FFF	Human_FFF	A3D1QQ8BEO75C6	3	62.0	78.0	15.0	0.26911773945239514	2.84560049424215	-1.0125333267992036	528.0	0.20838175457587074	512.0	610.0
Human	FFF	Human_FFF	A3D1QQ8BEO75C6	4	41.0	26.0	6.0	0.15402358314102452	2.7305523502942814	-1.0784567723388285	496.0	0.13249840744739078	464.0	1164.0
Human	FFF	Human_FFF	A3D1QQ8BEO75C6	5	52.0	67.0	18.0	0.24940843115063996	2.560715225903124	-1.04573564434914	528.0	0.19840633026389293	512.0	772.0
Human	FFF	Human_FFF	A3D1QQ8BEO75C6	6	44.0	63.0	6.0	0.29008447519585323	2.8238570848731595	-0.9786111001061716	496.0	0.23483434232744818	496.0	994.0
Human	FFF	Human_FFF	A3D1QQ8BEO75C6	7	36.0	44.0	2.0	0.28619711839964934	2.439223524390503	-1.1090361539144418	496.0	0.27956609305256813	464.0	1624.0
Human	FFF	Human_FFF	A3D1QQ8BEO75C6	8	42.0	54.0	9.0	0.27475716163741204	2.5303118546762904	-1.067112118995122	528.0	0.18906544401012257	480.0	1106.0
Human	FFF	Human_FFF	A3D1QQ8BEO75C6	9	43.0	59.0	5.0	0.330283674252154	2.603149007354236	-1.065433155524218	528.0	0.2615293144515213	496.0	986.0
Human	FFF	Human_FFF	A3D1QQ8BEO75C6	10	38.0	41.0	1.0	0.43405864081731216	2.807467173893727	-1.286665106113747	496.0	0.3618228278281138	496.0	1318.0
Human	FFF	Human_FFF	A3D1QQ8BEO75C6	11	26.0	88.0	11.0	0.0976859953685292	2.9734269879599746	-0.9290649029049092	432.0	0.10773389571031018	384.0	330.0
Human	FFF	Human_FFF	A3D1QQ8BEO75C6	12	21.0	53.0	0.0	nan	nan	nan	nan	nan	nan	0.0
Human	FFF	Human_FFF	A3D1QQ8BEO75C6	13	67.0	89.0	10.0	0.37400335214941166	3.045471475084067	-0.8967646876952	512.0	0.3396166380247822	496.0	908.0
Human	FFF	Human_FFF	A3D1QQ8BEO75C6	14	49.0	39.0	0.0	0.3620744125136339	2.437301268884469	-1.300860606820447	528.0	0.2655675243021263	528.0	1340.0
Human	FFF	Human_FFF	A3D1QQ8BEO75C6	15	44.0	53.0	5.0	0.3414327693225457	2.444654242509366	-1.1683435562733422	496.0	0.33581408693974485	496.0	1212.0
Human	FFF	Human_FFF	A3H2KP0VBENV3N	1	13.0	12.0	1.0	0.5583240174293869	2.3022282226542576	-1.5991402605750378	512.0	0.5595188504168056	512.0	1780.0
Human	FFF	Human_FFF	A3H2KP0VBENV3N	2	13.0	13.0	1.0	0.5451169679541293	2.352729518006077	-1.776606543520695	496.0	0.5681635661093885	496.0	1876.0
Human	FFF	Human_FFF	A3H2KP0VBENV3N	3	16.0	9.0	1.0	0.5271347660869324	2.1017246341067395	-1.7045248964639002	496.0	0.5557763631634433	496.0	2084.0
Human	FFF	Human_FFF	A3H2KP0VBENV3N	4	13.0	15.0	0.0	0.5378861536300945	2.2163473306963954	-1.5579648577111398	496.0	0.6104738678425226	496.0	2176.0
Human	FFF	Human_FFF	A3H2KP0VBENV3N	5	8.0	12.0	0.0	0.536391252264668	2.0842654968145946	-1.6018027879458743	496.0	0.573802910971292	480.0	2276.0
Human	FFF	Human_FFF	A3H2KP0VBENV3N	6	7.0	11.0	0.0	0.5510574944955087	2.007160392588601	-1.5121376223055862	496.0	0.6348672193236159	496.0	2380.0
Human	FFF	Human_FFF	A3H2KP0VBENV3N	7	7.0	15.0	2.0	0.4815018826558968	2.184293345282518	-1.5543605383631915	496.0	0.5650263322627225	496.0	2070.0
Human	FFF	Human_FFF	A3H2KP0VBENV3N	8	10.0	12.0	0.0	0.5798971455066317	2.0455433605414464	-1.5547093588313408	496.0	0.6444307649585034	512.0	2276.0
Human	FFF	Human_FFF	A3H2KP0VBENV3N	9	9.0	18.0	0.0	0.5342447496722259	2.590887511566388	-1.5628673304366714	496.0	0.6430044150563108	496.0	1964.0
Human	FFF	Human_FFF	A3H2KP0VBENV3N	10	6.0	10.0	0.0	0.5510189263320275	2.0578819245586257	-1.7291353463255243	496.0	0.6457230925301308	496.0	2382.0
Human	FFF	Human_FFF	A3H2KP0VBENV3N	11	6.0	10.0	0.0	0.5813338798070397	2.0329117179688323	-1.7244477345200988	496.0	0.6659723359838344	512.0	2280.0
Human	FFF	Human_FFF	A3H2KP0VBENV3N	12	6.0	12.0	1.0	0.5756622086785004	2.1999181584924266	-1.515660040833767	496.0	0.650190307818896	496.0	2376.0
Human	FFF	Human_FFF	A3H2KP0VBENV3N	13	8.0	9.0	0.0	0.5484659392333595	1.9676747168454487	-1.5886763364507948	512.0	0.6257743567815895	512.0	2482.0
Human	FFF	Human_FFF	A3H2KP0VBENV3N	14	9.0	13.0	0.0	0.56745708975587	2.087179928953543	-1.5460963288725638	496.0	0.6527063498155431	496.0	2374.0
Human	FFF	Human_FFF	A3H2KP0VBENV3N	15	10.0	19.0	0.0	0.58549115458253	2.21241096684751	-1.6741031987141748	496.0	0.6507737126281801	496.0	2262.0
Human	FFF	Human_FFF	A3IGG3RX4HXUV9	1	48.0	154.0	36.0	nan	nan	nan	nan	nan	nan	0.0
Human	FFF	Human_FFF	A3IGG3RX4HXUV9	2	57.0	199.0	30.0	nan	nan	nan	nan	nan	nan	0.0
Human	FFF	Human_FFF	A3IGG3RX4HXUV9	3	45.0	45.0	7.0	0.24190360140289618	2.8201960443698684	-0.8830624459096895	448.0	0.19321181176779706	464.0	422.0
Human	FFF	Human_FFF	A3IGG3RX4HXUV9	4	58.0	35.0	7.0	0.32432582068339205	2.934927591899872	-1.027863047516297	448.0	0.33056221874817127	448.0	944.0
Human	FFF	Human_FFF	A3IGG3RX4HXUV9	5	33.0	20.0	2.0	0.28771435856481464	3.2543602086895613	-1.0414602769948105	464.0	0.2632960085043409	480.0	1160.0
Human	FFF	Human_FFF	A3IGG3RX4HXUV9	6	25.0	17.0	0.0	0.4330476705748251	2.907790416709065	-1.2441799817457662	496.0	0.3304937412533575	496.0	1272.0
Human	FFF	Human_FFF	A3IGG3RX4HXUV9	7	27.0	23.0	0.0	0.39722155926147834	3.1845525645690422	-1.1136609488935825	512.0	0.2574185298560128	496.0	958.0
Human	FFF	Human_FFF	A3IGG3RX4HXUV9	8	27.0	9.0	2.0	0.35510285044985035	3.139125628008041	-1.0720307041613804	512.0	0.41441830446733613	496.0	982.0
Human	FFF	Human_FFF	A3IGG3RX4HXUV9	9	22.0	10.0	1.0	0.4561390288040656	2.8445766485834927	-1.1639394697351966	512.0	0.34816131747584184	496.0	1082.0
Human	FFF	Human_FFF	A3IGG3RX4HXUV9	10	17.0	3.0	0.0	0.43711297419258505	2.898817954561615	-1.2191386680230543	496.0	0.418947565053339	480.0	996.0
Human	FFF	Human_FFF	A3IGG3RX4HXUV9	11	25.0	10.0	0.0	0.471361361403941	2.7650479789771025	-1.127759497467797	496.0	0.3541575085891263	464.0	1180.0
Human	FFF	Human_FFF	A3IGG3RX4HXUV9	12	20.0	9.0	1.0	0.40573924953912555	2.589571691825963	-1.2108720376416329	496.0	0.40641430895285885	480.0	1482.0
Human	FFF	Human_FFF	A3IGG3RX4HXUV9	13	33.0	16.0	0.0	0.406173061571827	2.8824741843514246	-1.1723890387427862	512.0	0.34932097060941814	496.0	1370.0
Human	FFF	Human_FFF	A3IGG3RX4HXUV9	14	25.0	3.0	0.0	0.4166754042470689	3.341157203723299	-1.1954893262025101	528.0	0.3030938119458874	496.0	1298.0
Human	FFF	Human_FFF	A3IGG3RX4HXUV9	15	24.0	11.0	0.0	0.4338287520849929	3.1723491868052522	-1.1499523986666893	512.0	0.3171969173488021	480.0	1282.0
Human	FFF	Human_FFF	A3LA0JBSIW4MUI	1	57.0	119.0	13.0	nan	nan	nan	nan	nan	nan	0.0
Human	FFF	Human_FFF	A3LA0JBSIW4MUI	2	72.0	71.0	1.0	0.4742005159006562	3.087819102614122	-1.243810779706961	512.0	0.3645396325452154	512.0	296.0
Human	FFF	Human_FFF	A3LA0JBSIW4MUI	3	51.0	66.0	1.0	0.47455374870621364	2.8187485552861697	-1.3196878028877561	544.0	0.40376715503524824	528.0	98.0
Human	FFF	Human_FFF	A3LA0JBSIW4MUI	4	62.0	43.0	1.0	0.4831889466774788	3.0380553478810084	-1.3189044050715415	544.0	0.35034216827325304	528.0	364.0
Human	FFF	Human_FFF	A3LA0JBSIW4MUI	5	75.0	53.0	0.0	0.43322023886576516	3.2238054803634664	-1.1361423238778132	560.0	0.2685240696334623	560.0	426.0
Human	FFF	Human_FFF	A3LA0JBSIW4MUI	6	58.0	60.0	2.0	0.5462302639913837	3.3787298192941124	-1.5413683733660757	528.0	0.29953270029834395	496.0	392.0
Human	FFF	Human_FFF	A3LA0JBSIW4MUI	7	47.0	59.0	2.0	0.471954358888017	3.221824253388655	-1.307598114702394	512.0	0.26213456598791013	480.0	506.0
Human	FFF	Human_FFF	A3LA0JBSIW4MUI	8	77.0	60.0	0.0	0.44929938827645827	3.1247523427677812	-1.3561661059495864	512.0	0.2513144111557156	480.0	320.0
Human	FFF	Human_FFF	A3LA0JBSIW4MUI	9	45.0	38.0	1.0	0.4777361252782253	2.827540570994515	-1.4129535583425692	512.0	0.3448732412674366	496.0	944.0
Human	FFF	Human_FFF	A3LA0JBSIW4MUI	10	57.0	27.0	0.0	0.49790600585525296	3.3273399405944	-1.4348030796860851	528.0	0.4160210384882458	512.0	1148.0
Human	FFF	Human_FFF	A3LA0JBSIW4MUI	11	32.0	33.0	0.0	0.47635773069296905	2.8528874034621294	-1.3626358931773943	512.0	0.3243533388534002	480.0	1138.0
Human	FFF	Human_FFF	A3LA0JBSIW4MUI	12	55.0	17.0	3.0	0.4462847878039754	2.970927751393248	-1.329444443587839	496.0	0.36131281509542834	480.0	1066.0
Human	FFF	Human_FFF	A3LA0JBSIW4MUI	13	47.0	30.0	0.0	0.47427585888723917	3.083647485286781	-1.4407386236821247	512.0	0.28158002870632276	496.0	942.0
Human	FFF	Human_FFF	A3LA0JBSIW4MUI	14	60.0	25.0	6.0	0.3680825498800251	2.998905990729994	-1.206853621627577	496.0	0.30058047762020096	480.0	954.0
Human	FFF	Human_FFF	A3LA0JBSIW4MUI	15	30.0	24.0	0.0	0.47577478510598503	2.9676286139715256	-1.4689132310618993	512.0	0.2781324357853702	480.0	1456.0
Human	FFF	Human_FFF	A3LNWWZ7HGAGGM	1	9.0	5.0	1.0	0.5008383843661279	2.0715553435099543	-1.6962500949615678	496.0	0.6043542098138844	496.0	2192.0
Human	FFF	Human_FFF	A3LNWWZ7HGAGGM	2	11.0	9.0	1.0	0.44803946703473446	2.21949428251197	-1.4929465682460248	480.0	0.5266071573056551	480.0	2284.0
Human	FFF	Human_FFF	A3LNWWZ7HGAGGM	3	13.0	12.0	1.0	0.44625250957112783	2.323719250738247	-1.4043369400942822	496.0	0.5130668783722928	496.0	2076.0
Human	FFF	Human_FFF	A3LNWWZ7HGAGGM	4	12.0	11.0	0.0	0.4630636108009677	2.117083244009914	-1.6508473531080796	496.0	0.5795938944738667	480.0	2280.0
Human	FFF	Human_FFF	A3LNWWZ7HGAGGM	5	9.0	13.0	1.0	0.4443023234636965	2.3513769349633193	-1.5458761346670689	496.0	0.49971398350513313	496.0	2174.0
Human	FFF	Human_FFF	A3LNWWZ7HGAGGM	6	10.0	11.0	0.0	0.4947934417761823	2.405093518537832	-1.6114748231859715	496.0	0.5315041521354581	496.0	2178.0
Human	FFF	Human_FFF	A3LNWWZ7HGAGGM	7	8.0	10.0	0.0	0.5126821334937873	2.3709497122021883	-1.809144595304407	512.0	0.5476765180425944	512.0	2180.0
Human	FFF	Human_FFF	A3LNWWZ7HGAGGM	8	12.0	17.0	2.0	0.5202548051995974	2.3592510036491676	-1.5132460226320077	512.0	0.569888203116916	512.0	1968.0
Human	FFF	Human_FFF	A3LNWWZ7HGAGGM	9	6.0	7.0	0.0	0.4959239777191077	1.9493666520357582	-1.6335198416887349	496.0	0.5905006807254336	496.0	2388.0
Human	FFF	Human_FFF	A3LNWWZ7HGAGGM	10	10.0	10.0	0.0	0.46668686052530806	2.080888317277057	-1.5384621456536414	480.0	0.5411319711808344	480.0	2480.0
Human	FFF	Human_FFF	A3LNWWZ7HGAGGM	11	6.0	9.0	0.0	0.4901314325673928	2.0067870911493393	-1.558201948680107	496.0	0.5728511742974199	496.0	2584.0
Human	FFF	Human_FFF	A3LNWWZ7HGAGGM	12	5.0	13.0	1.0	0.528724890691456	2.196011349317724	-1.6543332159353592	496.0	0.5624873813129082	496.0	2276.0
Human	FFF	Human_FFF	A3LNWWZ7HGAGGM	13	3.0	9.0	0.0	0.4997370272194786	1.9451998568616626	-1.6425304876733053	496.0	0.5943490105179243	480.0	2582.0
Human	FFF	Human_FFF	A3LNWWZ7HGAGGM	14	10.0	17.0	0.0	0.4374370599946047	2.2004459421857328	-1.453180125173508	496.0	0.5372008707696451	480.0	2268.0
Human	FFF	Human_FFF	A3LNWWZ7HGAGGM	15	15.0	14.0	1.0	0.47984085450196967	2.50401170367748	-1.6029371523916074	496.0	0.5298119569140333	496.0	2072.0
Human	FFF	Human_FFF	A3Q4Y5ONYPSQGF	1	52.0	114.0	7.0	nan	nan	nan	nan	nan	nan	0.0
Human	FFF	Human_FFF	A3Q4Y5ONYPSQGF	2	38.0	192.0	62.0	0.2707103417030788	3.595562996096528	-0.30707929706423864	480.0	0.20518050392474385	448.0	252.0
Human	FFF	Human_FFF	A3Q4Y5ONYPSQGF	3	43.0	144.0	9.0	0.3481848193012276	3.0942922431647166	-0.9238510285449291	432.0	0.2732678352049497	448.0	630.0
Human	FFF	Human_FFF	A3Q4Y5ONYPSQGF	4	48.0	99.0	2.0	0.29840160029096346	3.204238632004362	-0.9216860075029657	496.0	0.31573868812406247	496.0	826.0
Human	FFF	Human_FFF	A3Q4Y5ONYPSQGF	5	38.0	74.0	2.0	0.39110259284756166	3.062829186809828	-1.1281276442900452	480.0	0.39442902930560886	496.0	1164.0
Human	FFF	Human_FFF	A3Q4Y5ONYPSQGF	6	52.0	139.0	8.0	0.3973667119277866	2.586629777829753	3.4861545062189263	480.0	0.34033140268809864	480.0	1060.0
Human	FFF	Human_FFF	A3Q4Y5ONYPSQGF	7	43.0	115.0	11.0	nan	nan	nan	nan	nan	nan	0.0
Human	FFF	Human_FFF	A3Q4Y5ONYPSQGF	8	54.0	104.0	3.0	nan	nan	nan	nan	nan	nan	0.0
Human	FFF	Human_FFF	A3Q4Y5ONYPSQGF	9	38.0	54.0	2.0	0.41678047352708864	3.2521410401112445	-0.7893742024701265	528.0	0.38911735770944395	528.0	436.0
Human	FFF	Human_FFF	A3Q4Y5ONYPSQGF	10	52.0	54.0	11.0	0.2063015223665399	3.1966801359969486	-0.8184240575357964	512.0	0.218627043005293	480.0	54.0
Human	FFF	Human_FFF	A3Q4Y5ONYPSQGF	11	52.0	45.0	1.0	0.36347490682797085	3.1743579514657982	-0.9462249636410583	496.0	0.24800682498705143	464.0	516.0
Human	FFF	Human_FFF	A3Q4Y5ONYPSQGF	12	42.0	53.0	1.0	0.3611576109380833	3.1215466304434227	-0.9597216227442932	528.0	0.3348838767351626	480.0	498.0
Human	FFF	Human_FFF	A3Q4Y5ONYPSQGF	13	16.0	89.0	7.0	0.5109893887255127	2.5281666164391288	-1.4139846153870372	480.0	0.5683309569373725	496.0	1336.0
Human	FFF	Human_FFF	A3Q4Y5ONYPSQGF	14	27.0	89.0	2.0	0.4401204504106557	2.7629011145553677	-1.2024575724189315	480.0	0.47660969543436443	496.0	1224.0
Human	FFF	Human_FFF	A3Q4Y5ONYPSQGF	15	30.0	92.0	5.0	0.4755613193425509	2.929514299646474	-1.1706870981558608	480.0	0.47625605683365807	480.0	1120.0
Human	FFF	Human_FFF	A7OZPNXIVO1FX	1	47.0	200.0	100.0	nan	nan	nan	nan	nan	nan	0.0
Human	FFF	Human_FFF	A7OZPNXIVO1FX	2	49.0	191.0	100.0	0.09199327278562751	3.1940033718056813	-0.5613771690548378	464.0	nan	nan	42.0
Human	FFF	Human_FFF	A7OZPNXIVO1FX	3	48.0	190.0	100.0	0.05293455535586283	3.370010539692811	-0.6902284082628343	176.0	0.06473721173000198	224.0	0.0
Human	FFF	Human_FFF	A7OZPNXIVO1FX	4	67.0	130.0	100.0	nan	nan	nan	nan	nan	nan	0.0
Human	FFF	Human_FFF	A7OZPNXIVO1FX	5	56.0	153.0	100.0	0.09257865063993052	3.5638721807478744	-0.6276355072780548	464.0	0.035913833048228476	928.0	0.0
Human	FFF	Human_FFF	A7OZPNXIVO1FX	6	55.0	130.0	75.0	0.14087278376262	2.9135579161713183	-0.8803029473334342	464.0	0.07345870150860657	496.0	116.0
Human	FFF	Human_FFF	A7OZPNXIVO1FX	7	44.0	102.0	53.0	0.1942116723411106	3.0349381202901307	-0.9846391009557567	480.0	0.10553284049105564	496.0	442.0
Human	FFF	Human_FFF	A7OZPNXIVO1FX	8	48.0	109.0	69.0	0.267459682852068	3.0860692066247055	-0.8177489109275943	448.0	0.11780761894780714	576.0	82.0
Human	FFF	Human_FFF	A7OZPNXIVO1FX	9	62.0	119.0	59.0	0.19206771108613252	3.0395117348756817	-0.9178027606585233	464.0	0.11948015229242584	480.0	98.0
Human	FFF	Human_FFF	A7OZPNXIVO1FX	10	31.0	86.0	60.0	0.23001880324235063	2.8645772749114813	-0.9283258918567205	432.0	0.2123003249419655	480.0	736.0
Human	FFF	Human_FFF	A7OZPNXIVO1FX	11	39.0	101.0	47.0	0.2298217727745575	3.126690649270128	-0.9704861927749892	448.0	0.2710858942784386	480.0	518.0
Human	FFF	Human_FFF	A7OZPNXIVO1FX	12	48.0	97.0	51.0	0.19832755281139822	3.140422806871459	-0.9751303292362683	480.0	0.22207831133915648	464.0	416.0
Human	FFF	Human_FFF	A7OZPNXIVO1FX	13	47.0	103.0	29.0	0.39437573736886494	3.97021506147494	-0.7407880591697861	432.0	0.18601135678617206	464.0	494.0
Human	FFF	Human_FFF	A7OZPNXIVO1FX	14	49.0	98.0	54.0	0.29699096905965416	2.967160013228769	-0.9040893505502423	464.0	0.18317285995180793	464.0	430.0
Human	FFF	Human_FFF	A7OZPNXIVO1FX	15	52.0	117.0	36.0	0.23136865460899997	3.349157393716519	-0.8970506622631027	512.0	0.15481553569845152	464.0	306.0
Human	FFF	Human_FFF	AAE1COF4E8740	1	54.0	87.0	36.0	0.350156442451861	3.1614592379036184	-0.8378496440928119	336.0	0.08317318726409306	336.0	942.0
Human	FFF	Human_FFF	AAE1COF4E8740	2	30.0	68.0	26.0	0.4813519673788125	2.91832386808775	-1.5042473988077674	320.0	0.06768638780967523	368.0	1676.0
Human	FFF	Human_FFF	AAE1COF4E8740	3	30.0	70.0	11.0	0.5289498135638223	2.8718990150647334	-1.4229002945287506	320.0	0.046079918169232	368.0	2266.0
Human	FFF	Human_FFF	AAE1COF4E8740	4	25.0	49.0	17.0	0.5809336680788799	2.79150001902488	-1.3589250996059006	320.0	0.12817204186372214	384.0	2306.0
Human	FFF	Human_FFF	AAE1COF4E8740	5	20.0	54.0	15.0	0.557219690256913	2.7630694787418513	-1.7466209800266286	320.0	0.06442295242007225	368.0	2396.0
Human	FFF	Human_FFF	AAE1COF4E8740	6	13.0	45.0	19.0	0.5899413469512844	2.598930849526865	-1.5616615378638146	304.0	0.11354501207485654	416.0	2514.0
Human	FFF	Human_FFF	AAE1COF4E8740	7	26.0	60.0	13.0	0.534440012936338	2.8360365497817805	-1.4590309888268915	320.0	0.08804078868190479	368.0	2284.0
Human	FFF	Human_FFF	AAE1COF4E8740	8	12.0	45.0	14.0	0.5829235313107993	2.673517433429789	-1.5009001681738192	304.0	0.09778603065638154	400.0	2618.0
Human	FFF	Human_FFF	AAE1COF4E8740	9	17.0	34.0	9.0	0.5710013395370556	2.6208693286380185	-1.5095509925372919	320.0	0.055583727431279255	400.0	2634.0
Human	FFF	Human_FFF	AAE1COF4E8740	10	16.0	45.0	1.0	0.6152254568940406	2.6558014952091464	-1.41181669342826	320.0	0.06166705773596988	416.0	2812.0
Human	FFF	Human_FFF	AAE1COF4E8740	11	22.0	53.0	5.0	0.5825098322660457	2.6335301073085122	-1.4937760807505542	320.0	0.028771667691112245	400.0	2696.0
Human	FFF	Human_FFF	AAE1COF4E8740	12	21.0	47.0	6.0	0.5430928123857368	2.828355084353226	-1.501643426043368	336.0	0.04052473400552105	384.0	2310.0
Human	FFF	Human_FFF	AAE1COF4E8740	13	16.0	43.0	2.0	0.581011218260055	2.804427504947217	-1.398392048362604	320.0	0.05314389599392347	400.0	2716.0
Human	FFF	Human_FFF	AAE1COF4E8740	14	21.0	52.0	5.0	0.5912405060089664	2.745890928271465	-1.3369990351459256	320.0	0.10458321033021928	560.0	2598.0
Human	FFF	Human_FFF	AAE1COF4E8740	15	21.0	46.0	7.0	0.5632332747429217	2.732798255469642	-1.4548579895628486	320.0	0.03270999600545952	368.0	2520.0
Human	FFF	Human_FFF	ACGHHDT7RY1AH	1	71.0	36.0	4.0	0.27837800896497633	3.3004648885198864	-1.059121016712553	464.0	0.06855830787488425	384.0	452.0
Human	FFF	Human_FFF	ACGHHDT7RY1AH	2	49.0	25.0	0.0	0.33391926910949227	3.0720752122788593	-1.1697609306617518	480.0	0.16226455333369127	480.0	1152.0
Human	FFF	Human_FFF	ACGHHDT7RY1AH	3	35.0	20.0	2.0	0.3337337503901897	2.478131507690914	-1.2274394566907827	464.0	0.23234681098551266	432.0	1760.0
Human	FFF	Human_FFF	ACGHHDT7RY1AH	4	36.0	32.0	1.0	0.3243138626415208	3.093677138170638	-1.1570996847462636	448.0	0.17507539305181669	432.0	1542.0
Human	FFF	Human_FFF	ACGHHDT7RY1AH	5	26.0	22.0	3.0	0.3686633181060974	2.79105595765937	-1.1874270348229528	432.0	0.20225959847892794	432.0	1756.0
Human	FFF	Human_FFF	ACGHHDT7RY1AH	6	16.0	32.0	1.0	0.42519576563668676	2.7972118614009203	-1.5132443670971656	416.0	0.23649216017546976	416.0	2140.0
Human	FFF	Human_FFF	ACGHHDT7RY1AH	7	28.0	26.0	4.0	0.36333706920040315	2.886078415635137	-1.2231876960530772	432.0	0.16179927666184243	416.0	1848.0
Human	FFF	Human_FFF	ACGHHDT7RY1AH	8	29.0	34.0	7.0	0.3070203997025394	2.935097185299488	-1.3678532136873884	432.0	0.19693204213139806	416.0	1636.0
Human	FFF	Human_FFF	ACGHHDT7RY1AH	9	26.0	22.0	1.0	0.32061222934404443	2.8649116454841805	-1.414044181491266	416.0	0.16249867191503037	400.0	2162.0
Human	FFF	Human_FFF	ACGHHDT7RY1AH	10	22.0	24.0	9.0	0.292634713547915	2.71935260098934	-1.335945482410587	400.0	0.1328063530567715	400.0	2054.0
Human	FFF	Human_FFF	ACGHHDT7RY1AH	11	22.0	32.0	5.0	0.37807447310071546	2.843450273204221	-1.3506231792578876	432.0	0.16137714328691735	416.0	1842.0
Human	FFF	Human_FFF	ACGHHDT7RY1AH	12	25.0	40.0	6.0	0.37064897304628136	2.7831551060623125	-1.3351650189547684	400.0	0.20483947492828128	400.0	1922.0
Human	FFF	Human_FFF	ACGHHDT7RY1AH	13	14.0	26.0	4.0	0.37649552070982995	2.821954407494329	-1.2400475543737064	400.0	0.15745490528293704	416.0	2052.0
Human	FFF	Human_FFF	ACGHHDT7RY1AH	14	11.0	17.0	5.0	0.3708284361472898	2.7125835554989934	-1.4825809431962231	400.0	0.16770062989319426	400.0	2266.0
Human	FFF	Human_FFF	ACGHHDT7RY1AH	15	8.0	10.0	4.0	0.4105464390743429	2.6280747129594855	-1.4347046624993285	400.0	0.22244066970804438	400.0	2580.0
Human	FFF	Human_FFF	AFM65NU0UXIGP	1	31.0	56.0	57.0	0.37052167763564736	3.117770950622847	-0.780456594166541	432.0	0.11485214449363806	384.0	482.0
Human	FFF	Human_FFF	AFM65NU0UXIGP	2	28.0	49.0	8.0	0.3657695656547165	2.9598069880454045	-1.2511562479934848	384.0	0.12651703687407426	368.0	1810.0
Human	FFF	Human_FFF	AFM65NU0UXIGP	3	27.0	44.0	4.0	0.4303730840556517	2.824534067431479	-1.5065723597246905	400.0	0.1280851305193473	384.0	1816.0
Human	FFF	Human_FFF	AFM65NU0UXIGP	4	16.0	29.0	4.0	0.363571269144119	2.758228094638839	-1.4451132138288985	400.0	0.1734867810426033	416.0	2346.0
Human	FFF	Human_FFF	AFM65NU0UXIGP	5	13.0	32.0	2.0	0.46084713840776875	3.007214498857486	-1.324875932381885	400.0	0.17754938776708462	416.0	2236.0
Human	FFF	Human_FFF	AFM65NU0UXIGP	6	18.0	21.0	5.0	0.39712734543818345	2.739948247835865	-1.37599186463472	400.0	0.16999643979296133	400.0	2560.0
Human	FFF	Human_FFF	AFM65NU0UXIGP	7	20.0	40.0	9.0	0.3237805006454542	2.852904395640154	-1.2452615956392505	400.0	0.11662139325137133	400.0	2124.0
Human	FFF	Human_FFF	AFM65NU0UXIGP	8	17.0	37.0	1.0	0.38512368848497924	2.7780613020459035	-1.5552122664617292	384.0	0.14666218745278004	384.0	2426.0
Human	FFF	Human_FFF	AFM65NU0UXIGP	9	26.0	41.0	4.0	0.36297463024869836	2.878502654013933	-1.2732650768884677	384.0	0.14993155955175308	400.0	2128.0
Human	FFF	Human_FFF	AFM65NU0UXIGP	10	22.0	41.0	3.0	0.43281670098240255	2.8699359240580598	-1.3272057240791963	368.0	0.1221738022130649	384.0	2320.0
Human	FFF	Human_FFF	AFM65NU0UXIGP	11	14.0	24.0	5.0	0.43125634050438283	2.81794583669512	-1.3808300530204178	400.0	0.1363764850378227	416.0	2352.0
Human	FFF	Human_FFF	AFM65NU0UXIGP	12	23.0	37.0	5.0	0.4729709073930849	2.810691454950629	-1.3999296767057343	368.0	0.1373092098483637	384.0	2226.0
Human	FFF	Human_FFF	AFM65NU0UXIGP	13	21.0	41.0	4.0	0.4883712332907819	3.1608745788798083	-1.28480916871467	352.0	0.1395124288669529	384.0	2122.0
Human	FFF	Human_FFF	AFM65NU0UXIGP	14	22.0	51.0	7.0	0.4141880932729427	2.8819042838798996	-1.4282373931284251	352.0	0.1428782997655442	352.0	2206.0
Human	FFF	Human_FFF	AFM65NU0UXIGP	15	22.0	41.0	6.0	0.4048745112365237	2.813641883375492	-1.359351228279592	368.0	0.14120041230882546	384.0	2320.0
Human	FFF	Human_FFF	AJZYNIL3ITOK0	1	100.0	121.0	8.0	nan	nan	nan	nan	nan	nan	0.0
Human	FFF	Human_FFF	AJZYNIL3ITOK0	2	75.0	26.0	1.0	nan	nan	nan	nan	nan	nan	0.0
Human	FFF	Human_FFF	AJZYNIL3ITOK0	3	23.0	5.0	0.0	nan	nan	nan	nan	nan	nan	0.0
Human	FFF	Human_FFF	AJZYNIL3ITOK0	4	12.0	0.0	0.0	nan	nan	nan	nan	nan	nan	0.0
Human	FFF	Human_FFF	AJZYNIL3ITOK0	5	20.0	15.0	1.0	0.4200247580806741	2.692849605594884	-1.2946724417759128	512.0	0.3186157288250192	496.0	1370.0
Human	FFF	Human_FFF	AJZYNIL3ITOK0	6	23.0	15.0	2.0	0.4682012997765619	2.6493140442060525	-1.5038094980043852	512.0	0.42316749166185097	512.0	1174.0
Human	FFF	Human_FFF	AJZYNIL3ITOK0	7	20.0	12.0	4.0	0.46812338258390274	2.7326430222448814	-1.1839692336348813	512.0	0.40364684323851924	496.0	1276.0
Human	FFF	Human_FFF	AJZYNIL3ITOK0	8	24.0	10.0	0.0	0.4464340538142846	2.5420835308647582	-1.5042974175416308	512.0	0.43912088628206386	512.0	1680.0
Human	FFF	Human_FFF	AJZYNIL3ITOK0	9	21.0	11.0	0.0	0.520309927242624	2.3783661295447627	-1.7527175015092025	528.0	0.5513791184305931	512.0	1778.0
Human	FFF	Human_FFF	AJZYNIL3ITOK0	10	13.0	13.0	1.0	0.5198362428286479	2.3542815460244606	-1.611082741292465	512.0	0.49703353801921196	512.0	1974.0
Human	FFF	Human_FFF	AJZYNIL3ITOK0	11	20.0	13.0	0.0	0.5682512782412563	2.336068878767678	-1.6269384898456054	512.0	0.5661481352779444	496.0	1980.0
Human	FFF	Human_FFF	AJZYNIL3ITOK0	12	19.0	14.0	0.0	0.4888436788125129	2.551050713223829	-1.5665138758822317	512.0	0.50826755658726	512.0	1772.0
Human	FFF	Human_FFF	AJZYNIL3ITOK0	13	12.0	10.0	1.0	0.5115255982410534	2.3776674706391567	-1.5367059699197243	512.0	0.531376005854371	512.0	1782.0
Human	FFF	Human_FFF	AJZYNIL3ITOK0	14	16.0	10.0	1.0	0.5334706723002506	2.5556576003311258	-1.4362985496946152	512.0	0.5467835950948289	512.0	1780.0
Human	FFF	Human_FFF	AJZYNIL3ITOK0	15	17.0	10.0	0.0	0.5479704980489934	2.1720591232043676	-1.666051113192415	496.0	0.6121169183319354	496.0	1982.0
Human	FFF	Human_FFF	AQXRHIMQ7UK7O	1	56.0	161.0	68.0	nan	nan	nan	nan	nan	nan	0.0
Human	FFF	Human_FFF	AQXRHIMQ7UK7O	2	57.0	69.0	18.0	0.2197505711778469	3.0635083248886996	-0.909487556279571	496.0	0.10302691283804429	464.0	712.0
Human	FFF	Human_FFF	AQXRHIMQ7UK7O	3	44.0	44.0	4.0	0.3527111899980802	2.9861586389874213	-1.3402810569757009	480.0	0.21192884247664817	464.0	1112.0
Human	FFF	Human_FFF	AQXRHIMQ7UK7O	4	38.0	39.0	2.0	0.30600993699730744	2.928584511985854	-1.175150088569076	464.0	0.17675302534060017	432.0	1426.0
Human	FFF	Human_FFF	AQXRHIMQ7UK7O	5	59.0	34.0	4.0	0.19979398005261564	2.9846711536577746	-1.1296913439199756	480.0	0.0972968509125638	448.0	840.0
Human	FFF	Human_FFF	AQXRHIMQ7UK7O	6	40.0	20.0	0.0	0.31980723746907125	2.5519955439472772	-1.3384891857400678	496.0	0.20116618970826172	448.0	1864.0
Human	FFF	Human_FFF	AQXRHIMQ7UK7O	7	67.0	39.0	1.0	0.23962040173130972	2.9491517215509444	-1.2265873979775108	480.0	0.12542948933454146	432.0	1122.0
Human	FFF	Human_FFF	AQXRHIMQ7UK7O	8	37.0	24.0	2.0	0.329014752016592	2.722905844830953	-1.4553076654043482	496.0	0.15147103295011802	448.0	1754.0
Human	FFF	Human_FFF	AQXRHIMQ7UK7O	9	20.0	21.0	1.0	0.37359989867310844	2.4310631980481032	-1.5863090311453525	480.0	0.2212462517847172	496.0	1864.0
Human	FFF	Human_FFF	AQXRHIMQ7UK7O	10	21.0	16.0	3.0	0.34591303113866473	2.5479569082662255	-1.4719720168655182	496.0	0.18122469701309143	448.0	1872.0
Human	FFF	Human_FFF	AQXRHIMQ7UK7O	11	7.0	14.0	1.0	0.4747485390125053	2.1051645423852534	-1.759858041862758	496.0	0.36627560738323933	496.0	2174.0
Human	FFF	Human_FFF	AQXRHIMQ7UK7O	12	16.0	10.0	2.0	0.4233042150046456	2.2699475656772656	-1.6241395227542719	496.0	0.2949216461993075	496.0	2080.0
Human	FFF	Human_FFF	AQXRHIMQ7UK7O	13	20.0	15.0	2.0	0.3929968351893937	2.377782334322275	-1.6110590087440853	496.0	0.2364095971822528	464.0	1872.0
Human	FFF	Human_FFF	AQXRHIMQ7UK7O	14	25.0	15.0	0.0	0.3750629339689434	2.4036091211570856	-1.5411431481363838	480.0	0.21980509601445258	480.0	2072.0
Human	FFF	Human_FFF	AQXRHIMQ7UK7O	15	18.0	16.0	3.0	0.3754916578115422	2.6057388061490547	-1.3887267656270987	496.0	0.2627491562349693	480.0	1768.0
Human	FFF	Human_FFF	ASZBND3G5UYJG	1	18.0	100.0	1.0	nan	nan	nan	nan	nan	nan	0.0
Human	FFF	Human_FFF	ASZBND3G5UYJG	2	22.0	200.0	21.0	nan	nan	nan	nan	nan	nan	0.0
Human	FFF	Human_FFF	ASZBND3G5UYJG	3	59.0	118.0	14.0	0.13475947381979306	3.1578299951779822	-0.774109323199829	528.0	0.16815522366447685	496.0	56.0
Human	FFF	Human_FFF	ASZBND3G5UYJG	4	74.0	88.0	16.0	0.2043627339547524	3.2963872425403626	-1.158004018038547	560.0	0.18766454850807215	528.0	0.0
Human	FFF	Human_FFF	ASZBND3G5UYJG	5	100.0	200.0	55.0	nan	nan	nan	nan	nan	nan	0.0
Human	FFF	Human_FFF	ASZBND3G5UYJG	6	78.0	112.0	11.0	nan	nan	nan	nan	nan	nan	0.0
Human	FFF	Human_FFF	ASZBND3G5UYJG	7	66.0	90.0	11.0	nan	nan	nan	nan	nan	nan	0.0
Human	FFF	Human_FFF	ASZBND3G5UYJG	8	77.0	83.0	10.0	nan	nan	nan	nan	nan	nan	0.0
Human	FFF	Human_FFF	ASZBND3G5UYJG	9	81.0	67.0	5.0	0.31510537427861496	3.2192650737399156	-1.0900642976970905	560.0	0.2514073586032432	528.0	184.0
Human	FFF	Human_FFF	ASZBND3G5UYJG	10	74.0	96.0	13.0	nan	nan	nan	nan	nan	nan	0.0
Human	FFF	Human_FFF	ASZBND3G5UYJG	11	46.0	71.0	5.0	nan	nan	nan	nan	nan	nan	0.0
Human	FFF	Human_FFF	ASZBND3G5UYJG	12	51.0	83.0	3.0	nan	nan	nan	nan	nan	nan	0.0
Human	FFF	Human_FFF	ASZBND3G5UYJG	13	46.0	43.0	8.0	0.30854370303670625	2.622203007367589	-1.2798400001944734	496.0	0.34592296182141913	496.0	742.0
Human	FFF	Human_FFF	ASZBND3G5UYJG	14	60.0	52.0	8.0	0.2969225027562273	3.103681539869344	-1.0789899674131305	528.0	0.3554707603033651	528.0	500.0
Human	FFF	Human_FFF	ASZBND3G5UYJG	15	41.0	64.0	7.0	0.25706820804543945	2.50115082689477	-1.0801019226494408	512.0	0.3509851049122466	496.0	676.0
Human	FFF	Human_FFF	AUPXYEKITX8UT	1	25.0	30.0	4.0	0.19527434713862166	2.771505203108434	0.7756740629133169	480.0	0.12595907545424181	512.0	1846.0
Human	FFF	Human_FFF	AUPXYEKITX8UT	2	34.0	35.0	0.0	0.13189777223306848	2.7639609498875384	-1.0772103598928777	464.0	0.11062538053455967	464.0	1752.0
Human	FFF	Human_FFF	AUPXYEKITX8UT	3	38.0	46.0	8.0	0.13107461872398488	2.568753454846656	-1.0265524824498067	464.0	0.14335459711061627	496.0	1514.0
Human	FFF	Human_FFF	AUPXYEKITX8UT	4	28.0	37.0	3.0	0.15379504047938491	2.580236769731605	-1.0717815293148742	480.0	0.14963560300331402	496.0	1828.0
Human	FFF	Human_FFF	AUPXYEKITX8UT	5	37.0	34.0	9.0	0.1248721427338477	2.4007642066051607	-1.0696215560940272	496.0	0.1525687265855126	496.0	1636.0
Human	FFF	Human_FFF	AUPXYEKITX8UT	6	29.0	34.0	5.0	0.126473756014417	2.608458608436349	-1.0568841317804294	448.0	0.11512709429224799	448.0	1736.0
Human	FFF	Human_FFF	AUPXYEKITX8UT	7	26.0	17.0	0.0	0.12965401100064167	2.3769165211974994	-1.2228513071631195	480.0	0.2217869504294605	496.0	2166.0
Human	FFF	Human_FFF	AUPXYEKITX8UT	8	31.0	33.0	0.0	0.17564424570384	2.7222063742010643	-1.148375223867032	464.0	0.21176721374926039	480.0	1834.0
Human	FFF	Human_FFF	AUPXYEKITX8UT	9	28.0	24.0	3.0	0.0824443317487424	2.498698375107928	-1.0795033849038946	432.0	0.15357174424463801	496.0	2054.0
Human	FFF	Human_FFF	AUPXYEKITX8UT	10	30.0	21.0	3.0	0.15663898872658527	2.4335418481410875	-1.0792656533069709	448.0	0.18582691343525481	480.0	1958.0
Human	FFF	Human_FFF	AUPXYEKITX8UT	11	40.0	60.0	8.0	0.12296581971759589	2.7895043680563125	-1.222759818476374	448.0	0.08500020674023913	464.0	1182.0
Human	FFF	Human_FFF	AUPXYEKITX8UT	12	34.0	33.0	5.0	0.16788915179152258	2.969357714483119	-1.1467161975450726	480.0	0.16105327936314803	496.0	1446.0
Human	FFF	Human_FFF	AUPXYEKITX8UT	13	41.0	58.0	1.0	0.14257873556720582	2.436790253747089	-1.2391819121364318	448.0	0.1587461703024559	512.0	1586.0
Human	FFF	Human_FFF	AUPXYEKITX8UT	14	36.0	44.0	6.0	0.10148985691570686	2.223322222905813	-1.235948699089991	432.0	0.1650719423631413	512.0	1614.0
Human	FFF	Human_FFF	AUPXYEKITX8UT	15	26.0	31.0	11.0	0.15717872265946597	2.54491876348488	-1.0884000145519004	448.0	0.1793681350474723	448.0	1740.0
Human	FFF	Human_FFF	AXMPSUNKUBEIL	1	83.0	24.0	2.0	0.29149559795448976	2.9796425028253575	-1.196619654604584	512.0	0.17311834756382694	528.0	370.0
Human	FFF	Human_FFF	AXMPSUNKUBEIL	2	42.0	37.0	5.0	0.46855661485020084	3.1415532727513957	-1.2566848653469438	496.0	0.2757355817468139	496.0	1136.0
Human	FFF	Human_FFF	AXMPSUNKUBEIL	3	24.0	21.0	0.0	0.5375772651462399	3.189830598521999	-1.3061700414026896	512.0	0.4828557705969231	528.0	1464.0
Human	FFF	Human_FFF	AXMPSUNKUBEIL	4	26.0	13.0	1.0	0.4969128616271667	2.6255571012736283	-1.4327748745391058	512.0	0.47969053418787977	496.0	1876.0
Human	FFF	Human_FFF	AXMPSUNKUBEIL	5	38.0	9.0	2.0	0.4491665319780121	2.6217305514354092	-1.5114455595232652	496.0	0.44283197830168114	496.0	1784.0
Human	FFF	Human_FFF	AXMPSUNKUBEIL	6	11.0	10.0	0.0	0.5471210025796627	2.3288295176110956	-1.79448446895317	512.0	0.5738997008853325	512.0	2182.0
Human	FFF	Human_FFF	AXMPSUNKUBEIL	7	19.0	6.0	1.0	0.5065614824239009	2.330478181696572	-1.317369335804445	512.0	0.5090899690881495	512.0	2188.0
Human	FFF	Human_FFF	AXMPSUNKUBEIL	8	15.0	6.0	0.0	0.5292977944035734	2.1377783596297473	-1.4913446286208516	512.0	0.5406656217068719	512.0	2188.0
Human	FFF	Human_FFF	AXMPSUNKUBEIL	9	12.0	10.0	2.0	0.5295798918100341	2.495530047359906	-1.4071977199937291	496.0	0.5493237249685019	512.0	1980.0
Human	FFF	Human_FFF	AXMPSUNKUBEIL	10	9.0	8.0	0.0	0.6201514083836865	2.1863562105192664	-1.8188603206829308	512.0	0.6190914620229415	512.0	2286.0
Human	FFF	Human_FFF	AXMPSUNKUBEIL	11	10.0	7.0	0.0	0.5862706888093349	2.37270072634032	-1.7801311654724254	512.0	0.5851361723619846	512.0	2288.0
Human	FFF	Human_FFF	AXMPSUNKUBEIL	12	18.0	10.0	1.0	0.6341768994604827	2.173649587674432	-1.5771880694100526	512.0	0.6442354935006215	512.0	2180.0
Human	FFF	Human_FFF	AXMPSUNKUBEIL	13	15.0	16.0	0.0	0.5882412692676064	2.3593145441974066	-1.5834173064513903	512.0	0.6032889174746457	512.0	1968.0
Human	FFF	Human_FFF	AXMPSUNKUBEIL	14	16.0	5.0	0.0	0.5330198187207652	2.290751339625083	-1.5820297914083714	512.0	0.5506785323823749	512.0	2190.0
Human	FFF	Human_FFF	AXMPSUNKUBEIL	15	8.0	8.0	3.0	0.526090135092988	2.3658885462999026	-1.5100482892577374	496.0	0.599866904284874	496.0	1984.0
Human	FFF	Human_FFF	AY4PZPXHSRCP5	1	16.0	193.0	56.0	nan	nan	nan	nan	nan	nan	0.0
Human	FFF	Human_FFF	AY4PZPXHSRCP5	2	36.0	142.0	54.0	nan	nan	nan	nan	nan	nan	0.0
Human	FFF	Human_FFF	AY4PZPXHSRCP5	3	32.0	61.0	3.0	0.47151350921371527	3.2914972527980164	-1.0520928202772668	496.0	0.5073074977040123	496.0	690.0
Human	FFF	Human_FFF	AY4PZPXHSRCP5	4	24.0	54.0	6.0	0.4681495570324184	2.7321070809345693	-1.205133335075359	496.0	0.49139701018663345	480.0	1198.0
Human	FFF	Human_FFF	AY4PZPXHSRCP5	5	50.0	46.0	0.0	0.37933983362982304	2.9436995528420704	-1.196586037528964	576.0	0.2863871346232319	544.0	372.0
Human	FFF	Human_FFF	AY4PZPXHSRCP5	6	49.0	67.0	11.0	0.24283654072224245	3.011299037822413	-0.8316157421287562	496.0	0.21502514626838493	480.0	346.0
Human	FFF	Human_FFF	AY4PZPXHSRCP5	7	53.0	48.0	4.0	0.25476568391924437	2.986144197815537	-0.826820742558963	480.0	0.19697455728312996	448.0	408.0
Human	FFF	Human_FFF	AY4PZPXHSRCP5	8	39.0	52.0	6.0	0.23813794065809288	3.527918425778802	-0.8376344508405095	528.0	0.2507365116749853	432.0	198.0
Human	FFF	Human_FFF	AY4PZPXHSRCP5	9	39.0	37.0	7.0	0.28902289174060225	2.7818137173015565	-0.9586568983215393	512.0	0.2486218622012942	496.0	1026.0
Human	FFF	Human_FFF	AY4PZPXHSRCP5	10	35.0	45.0	8.0	0.3781086735297434	3.1572381393511413	-0.905344464047964	512.0	0.3071741784353235	496.0	828.0
Human	FFF	Human_FFF	AY4PZPXHSRCP5	11	35.0	46.0	1.0	0.3308062333570499	3.113141643753761	-0.9183224429604421	512.0	0.33131562964315026	496.0	926.0
Human	FFF	Human_FFF	AY4PZPXHSRCP5	12	36.0	37.0	6.0	0.40926169308977023	2.9982221249178256	-0.9758180961261478	512.0	0.3602504990366686	512.0	1034.0
Human	FFF	Human_FFF	AY4PZPXHSRCP5	13	29.0	23.0	9.0	0.48007106811777234	2.9687202245146294	-1.0424404554785534	544.0	0.3725043873341063	528.0	1058.0
Human	FFF	Human_FFF	AY4PZPXHSRCP5	14	31.0	36.0	8.0	0.4921082523070904	2.90310440081234	-1.0084857465050439	544.0	0.4106349931532855	544.0	664.0
Human	FFF	Human_FFF	AY4PZPXHSRCP5	15	27.0	37.0	2.0	0.47612126473307576	2.9178062222730445	-1.0479968056098588	528.0	0.38897408275872736	512.0	1226.0
Human	FFF	Human_FFF	AY5OS6NZWVX22	1	40.0	88.0	12.0	0.4002185646958684	3.2624623462767266	-0.7706388377141837	528.0	0.2964263015054028	512.0	262.0
Human	FFF	Human_FFF	AY5OS6NZWVX22	2	36.0	58.0	4.0	0.5307696266127401	3.290082638890133	-1.1266439502462327	528.0	0.3891961322955049	528.0	910.0
Human	FFF	Human_FFF	AY5OS6NZWVX22	3	28.0	55.0	6.0	0.4688230565951584	2.8670596690423626	-1.0683392074723213	512.0	0.2513898246876139	480.0	992.0
Human	FFF	Human_FFF	AY5OS6NZWVX22	4	26.0	51.0	4.0	0.47249439861716613	3.0498759691273336	-1.1227802647095362	512.0	0.2998587333715473	512.0	1214.0
Human	FFF	Human_FFF	AY5OS6NZWVX22	5	22.0	38.0	5.0	0.4942864801126597	2.794168784650435	-1.3239918744691237	496.0	0.28653210819907177	464.0	1424.0
Human	FFF	Human_FFF	AY5OS6NZWVX22	6	30.0	44.0	2.0	0.5699946267893914	2.96333005196678	-1.4775811389742401	496.0	0.3611803081486461	464.0	1118.0
Human	FFF	Human_FFF	AY5OS6NZWVX22	7	20.0	39.0	0.0	0.5691305579853793	2.8449148597266434	-1.2531403249214983	496.0	0.3291551148829336	480.0	1726.0
Human	FFF	Human_FFF	AY5OS6NZWVX22	8	23.0	48.0	0.0	0.5526758250110686	2.8303178437073946	-1.2749885999242851	496.0	0.34797899918520453	464.0	1406.0
Human	FFF	Human_FFF	AY5OS6NZWVX22	9	12.0	25.0	0.0	0.6140261302177994	2.575937662988603	-1.3932193804243285	496.0	0.4013786177077155	480.0	1950.0
Human	FFF	Human_FFF	AY5OS6NZWVX22	10	15.0	17.0	3.0	0.6225819944399663	2.499936442080699	-1.535210073817757	496.0	0.4062375518143461	480.0	1968.0
Human	FFF	Human_FFF	AY5OS6NZWVX22	11	16.0	23.0	4.0	0.6115678772711792	2.7006556497765195	-1.581598320353257	496.0	0.4906743179524479	496.0	1756.0
Human	FFF	Human_FFF	AY5OS6NZWVX22	12	31.0	67.0	2.0	0.44666248153769167	2.8574030145525895	-1.1575331482111082	496.0	0.37999881140320024	480.0	1016.0
Human	FFF	Human_FFF	AY5OS6NZWVX22	13	19.0	34.0	5.0	0.5564697132603454	2.554064980374772	-1.3518333906776472	480.0	0.40210532500678364	480.0	1534.0
Human	FFF	Human_FFF	AY5OS6NZWVX22	14	17.0	24.0	2.0	0.6418381568655237	2.3874645887323664	-1.5196909126817104	512.0	0.495063248484267	496.0	1854.0
Human	FFF	Human_FFF	AY5OS6NZWVX22	15	23.0	36.0	2.0	0.6051180190094673	2.395728763252602	-1.5572070604974975	496.0	0.4882195371056759	480.0	1728.0
Human	FFF	Human_FFF	AZ8NBOTCBCLKG	1	59.0	53.0	9.0	nan	nan	nan	nan	nan	nan	0.0
Human	FFF	Human_FFF	AZ8NBOTCBCLKG	2	60.0	161.0	26.0	nan	nan	nan	nan	nan	nan	0.0
Human	FFF	Human_FFF	AZ8NBOTCBCLKG	3	49.0	67.0	9.0	0.3627597646167498	3.123478572997667	-0.8882046175727104	544.0	0.20307776498636051	528.0	236.0
Human	FFF	Human_FFF	AZ8NBOTCBCLKG	4	65.0	124.0	16.0	nan	nan	nan	nan	nan	nan	0.0
Human	FFF	Human_FFF	AZ8NBOTCBCLKG	5	38.0	49.0	3.0	0.507237557544389	2.9811119239026826	-1.0302417985717478	528.0	0.23119403295066257	512.0	640.0
Human	FFF	Human_FFF	AZ8NBOTCBCLKG	6	30.0	52.0	8.0	0.4987312353274744	2.986519623423342	-0.9704724124801353	512.0	0.29320602732729345	512.0	900.0
Human	FFF	Human_FFF	AZ8NBOTCBCLKG	7	38.0	56.0	1.0	0.49178069321345047	3.3372764567787327	-0.9391927926350291	512.0	0.27550084830864213	512.0	588.0
Human	FFF	Human_FFF	AZ8NBOTCBCLKG	8	58.0	93.0	2.0	0.46367991579937273	2.8666894440134034	-1.1189544011929347	512.0	0.3324936825723957	512.0	178.0
Human	FFF	Human_FFF	AZ8NBOTCBCLKG	9	27.0	39.0	2.0	0.5170155992457772	2.959222437728288	-1.1400174934453609	512.0	0.382595608264366	528.0	1124.0
Human	FFF	Human_FFF	AZ8NBOTCBCLKG	10	44.0	58.0	0.0	0.5104519887399883	3.1906227522365644	-1.1088892378947135	512.0	0.3404624737914247	512.0	646.0
Human	FFF	Human_FFF	AZ8NBOTCBCLKG	11	43.0	66.0	4.0	0.45876049950361725	3.165946139471036	-0.9914448392275084	496.0	0.35171857957759417	480.0	198.0
Human	FFF	Human_FFF	AZ8NBOTCBCLKG	12	28.0	61.0	0.0	0.4716865087322756	3.1768547669157887	-1.069192018612079	480.0	0.38022736584480826	464.0	288.0
Human	FFF	Human_FFF	AZ8NBOTCBCLKG	13	52.0	75.0	0.0	0.4489614834462535	3.4149292740924966	-1.0601563056574088	464.0	0.4043124557974193	464.0	102.0
Human	FFF	Human_FFF	AZ8NBOTCBCLKG	14	46.0	66.0	3.0	0.5798079223542149	3.301354148239111	-1.4640367583866842	512.0	0.40814035719784597	496.0	474.0
Human	FFF	Human_FFF	AZ8NBOTCBCLKG	15	44.0	73.0	6.0	0.4953770435054966	2.930143872342421	-1.2055894746280378	480.0	0.39809514960607	480.0	360.0
