Subject	condition1	condition2	1	2	3	4	5	6	7	8	9	10	11	12	13	14	15
A11LNK1U3DT08V	fast	fast	3.1176633956856694	3.0633281547065963	3.0534682200504824	2.6923935517061177	3.552236081383235	2.6546368924024475	2.4389551721628084	2.7959481762448806	2.747486552680498	2.765256235179227	2.8244620343899296	2.683728306220546	2.4775535486080753	2.4781849430536282	2.5792519502556326
A122LRCSBAD6DC	fast	fast	3.1451730616371854	2.8471722058644744	2.4217448406651525	2.3766658266905303	2.4839255100636684	2.3361896120591785	2.6033336503929174	2.815287020774609	2.5679473398884687	2.403086337755526	2.3139868405936777	2.568417150347463	2.680827666985539	2.787391826594687	2.628857903553253
A13B8594JIUFDF	fast	fast	4.754887502163469	4.754887502163469	3.3351771745142793	2.9033670748034024	2.67158129898772	2.2416560967802615	2.483130932854777	2.4229693964192904	2.4579230522958966	2.5223045311893024	2.536795884601948	2.4379554697992285	2.3226936886843244	2.412847466430989	2.548319964838379
A13G6IRFQBEE8K	fast	fast	2.9957186778941596	2.7150315056926164	2.6892563314451063	2.6498886897498006	2.644172820554685	2.836234113064889	2.545725440637904	2.6133814434110314	2.6588042933665905	2.7596582952639155	2.601688678614578	2.565705783971515	2.5790057938969806	2.735718279211031	2.774746517031089
A13YOOKZFZJJ10	fast	fast	2.4812729114304273	2.4287896434030025	2.354068416892623	2.6432902709077517	2.49671133461558	2.449770199801468	2.3929422752607348	2.410896342619715	2.471881332807211	2.452755428615176	2.378637406174651	2.2696663865144573	2.339442234658456	2.2178168787819184	2.631289111791065
A19X8IA9EKC3XH	fast	fast	3.1973840677135827	3.0986733235456585	2.9304363623007856	2.8201453026034446	2.8289283185041496	2.6120779418017586	2.8006325786936674	2.7053057054311087	2.678893284495551	2.756199201504458	2.6522293331395597	2.6432193662279344	2.6534959121229424	2.6109154638816228	2.7601287579599862
A1DHJE69R494AH	fast	fast	4.754887502163469	4.754887502163469	4.754887502163469	4.754887502163469	4.754887502163469	2.5996012379898006	3.261378977546293	2.914787162305341	3.2052853140576696	2.5876477643913978	2.8532550554823253	2.6576964306138753	2.766835562039268	3.09459854607049	2.68826383518536
A1EP3XESXAG0EP	fast	fast	3.199462988114573	3.342460447936161	3.1922631880951813	3.094570838820201	3.068494214219123	3.074860970131012	3.1636974555220125	3.1164833025815226	3.182585503704253	3.0208031423364115	2.9752718604731436	3.118475368427852	3.0986534416121505	3.1456961012228923	3.071513490283923
A1FG2G0J8M9Q0N	fast	fast	4.754887502163469	4.754887502163469	4.754887502163469	4.754887502163469	2.9771279898354113	3.2089292824695965	2.796215087761725	2.7451626683946246	2.8670438871722457	2.905537777977178	2.946201963819761	2.7599257600253626	2.826370036242489	2.850186167197144	2.6909682367932537
A1RH69F7I73LRW	fast	fast	3.359732485046313	2.8640961173108197	3.0364108887825956	2.838987160866686	2.8451199698927745	2.749802612421394	2.851555797742442	2.5919604108439236	2.8336225057481936	2.851367525498834	2.8119800802614052	2.7210631431034624	2.67436852229915	2.829314278904168	2.8062496816041556
A1RV2LERVS0A4H	fast	fast	4.754887502163469	4.754887502163469	4.754887502163469	4.754887502163469	3.535222912509129	4.754887502163469	4.754887502163469	3.305234220503387	3.061697266598766	4.754887502163469	3.0573970895977043	3.90663779163689	3.1021516787088323	3.086553310992924	3.020015884778684
A1SISJL5ST2PWH	fast	fast	3.089031807787118	3.004896471680186	3.103947655853632	2.8813432941480803	2.918905950169994	2.774988259455017	2.825504746354392	2.7352443991891207	2.7446247031478728	2.9087172579249856	2.6955608000100746	2.8221696953486224	2.754535874993601	2.5680934397309674	2.7520164005658674
A1U2A42K8FV3RA	fast	fast	3.1778131190321033	3.003099711494227	2.8995809905466494	3.0115076882919123	2.9287172069260623	2.852759775150996	3.0414672801539115	2.9632446096225546	2.7758664220971383	3.0604530109591668	2.8339305730228004	2.8676284080994243	2.8233439859615745	2.8533461235219333	2.794469144459425
A1U6L1L2CUQNU5	fast	fast	4.754887502163469	3.302881437471582	3.09597470536331	2.917645377535993	2.9833733824289985	2.964667351991905	2.666670116701303	2.7823667220995896	2.859773615324534	2.7985366535938083	2.6412701705106754	2.5075438619783545	2.379117593705505	2.8292886220486744	2.7288114929826452
A25W2106F90G7L	fast	fast	3.073536205380086	3.2036002786774573	3.4223530876617203	3.271574581200875	3.0822531030534304	2.900293109164969	3.0916695899499764	2.8466974929192594	2.9491538472487737	3.1393234008347215	2.9868924261131813	2.931223254043032	3.0183557935144147	2.6814366677853485	3.040787097293647
A2BFFKEYMCBFWW	fast	fast	2.803591078087308	2.6497338749143986	2.0119094413874588	1.889369537703243	2.58645593417881	2.1190194318440327	2.4920224978881493	2.2052820530636916	2.2824690565750725	2.209769868810703	2.096889142128629	2.082918093948979	2.367200058515781	2.1385318458968285	2.763671907006313
A2DMUU9GE8QA5Q	fast	fast	4.754887502163469	4.754887502163469	4.754887502163469	2.6815075812192015	2.8321856685334192	2.837160555078435	2.5028067221141734	2.9233261306313527	2.8369686489740116	3.007163164387681	2.489134446169415	2.7616566297421206	2.630013833496579	2.513165868339408	2.528234074699799
A2FM6APZP3FN22	fast	fast	4.754887502163469	4.754887502163469	4.042195090842306	4.754887502163469	4.754887502163469	3.3449029131140176	2.9658860007274925	3.1686676038872554	2.974303648290874	2.7830398244137533	2.7454185474698187	3.151776739972997	3.03202491148716	2.9106715461226282	2.594701000296986
A2PW5825FIRONK	fast	fast	2.9994997364973193	4.754887502163469	4.754887502163469	4.754887502163469	4.754887502163469	3.432848821716024	4.754887502163469	4.754887502163469	3.462861863000247	3.2803739031369403	3.3500099561037304	3.249244290471767	3.266387276619725	3.057590926192197	3.4866518838755627
A2RY4MK1FONYH1	fast	fast	3.1513686609829517	2.9556457266386853	3.16716946285548	2.942035786843474	3.170758857837574	3.2409941410506558	3.097465773717908	3.0352547683214155	3.061959201158156	3.155013808419894	3.0115505908623765	3.03844161447994	3.0642632503422096	3.017313736560661	3.143253538456949
A2W8TJXW68442D	fast	fast	4.102367919334435	3.013724876942151	3.036106071134507	3.033076638588861	2.942353592922682	2.9985943975173477	3.3285110033989755	3.0658342416602316	2.8577410354719	3.0169429939881254	3.118166658018406	3.1659263445114423	3.087093448367996	3.021514009007834	2.965697736805268
A376AZWIBALRC	fast	fast	4.754887502163469	4.754887502163469	4.754887502163469	3.1227010908637913	2.939756152976514	3.093650048983727	2.871418322229091	3.167708502286661	2.9130417849189425	3.1593730044278887	2.9249616979077864	2.8747767814417644	3.0629611651500994	2.877303631021591	2.9737731251993766
A38V6MB0UIXY0N	fast	fast	4.754887502163469	2.7854307485363536	2.9367137317066554	2.953680257942598	2.6238807086322042	2.6568996265272964	2.5849594145276904	2.8620319391060565	3.091094497831983	3.412438637355694	3.218166607620743	2.9290405862094655	3.3832361108964792	3.233261964474407	3.3939538280745873
A3D1QQ8BEO75C6	fast	fast	4.754887502163469	2.6585822026152677	2.84560049424215	2.7305523502942814	2.560715225903124	2.8238570848731595	2.439223524390503	2.5303118546762904	2.603149007354236	2.807467173893727	2.9734269879599746	4.754887502163469	3.045471475084067	2.437301268884469	2.444654242509366
A3H2KP0VBENV3N	fast	fast	2.3022282226542576	2.352729518006077	2.1017246341067395	2.2163473306963954	2.0842654968145946	2.007160392588601	2.184293345282518	2.0455433605414464	2.590887511566388	2.0578819245586257	2.0329117179688323	2.1999181584924266	1.9676747168454487	2.087179928953543	2.21241096684751
A3IGG3RX4HXUV9	fast	fast	4.754887502163469	4.754887502163469	2.8201960443698684	2.934927591899872	3.2543602086895613	2.907790416709065	3.1845525645690422	3.139125628008041	2.8445766485834927	2.898817954561615	2.7650479789771025	2.589571691825963	2.8824741843514246	3.341157203723299	3.1723491868052522
A3LA0JBSIW4MUI	fast	fast	4.754887502163469	3.087819102614122	2.8187485552861697	3.0380553478810084	3.2238054803634664	3.3787298192941124	3.221824253388655	3.1247523427677812	2.827540570994515	3.3273399405944	2.8528874034621294	2.970927751393248	3.083647485286781	2.998905990729994	2.9676286139715256
A3LNWWZ7HGAGGM	fast	fast	2.0715553435099543	2.21949428251197	2.323719250738247	2.117083244009914	2.3513769349633193	2.405093518537832	2.3709497122021883	2.3592510036491676	1.9493666520357582	2.080888317277057	2.0067870911493393	2.196011349317724	1.9451998568616626	2.2004459421857328	2.50401170367748
A3Q4Y5ONYPSQGF	fast	fast	4.754887502163469	3.595562996096528	3.0942922431647166	3.204238632004362	3.062829186809828	2.586629777829753	4.754887502163469	4.754887502163469	3.2521410401112445	3.1966801359969486	3.1743579514657982	3.1215466304434227	2.5281666164391288	2.7629011145553677	2.929514299646474
A7OZPNXIVO1FX	fast	fast	4.754887502163469	3.1940033718056813	3.370010539692811	4.754887502163469	3.5638721807478744	2.9135579161713183	3.0349381202901307	3.0860692066247055	3.0395117348756817	2.8645772749114813	3.126690649270128	3.140422806871459	3.97021506147494	2.967160013228769	3.349157393716519
AAE1COF4E8740	fast	fast	3.1614592379036184	2.91832386808775	2.8718990150647334	2.79150001902488	2.7630694787418513	2.598930849526865	2.8360365497817805	2.673517433429789	2.6208693286380185	2.6558014952091464	2.6335301073085122	2.828355084353226	2.804427504947217	2.745890928271465	2.732798255469642
ACGHHDT7RY1AH	fast	fast	3.3004648885198864	3.0720752122788593	2.478131507690914	3.093677138170638	2.79105595765937	2.7972118614009203	2.886078415635137	2.935097185299488	2.8649116454841805	2.71935260098934	2.843450273204221	2.7831551060623125	2.821954407494329	2.7125835554989934	2.6280747129594855
AFM65NU0UXIGP	fast	fast	3.117770950622847	2.9598069880454045	2.824534067431479	2.758228094638839	3.007214498857486	2.739948247835865	2.852904395640154	2.7780613020459035	2.878502654013933	2.8699359240580598	2.81794583669512	2.810691454950629	3.1608745788798083	2.8819042838798996	2.813641883375492
AJZYNIL3ITOK0	fast	fast	4.754887502163469	4.754887502163469	4.754887502163469	4.754887502163469	2.692849605594884	2.6493140442060525	2.7326430222448814	2.5420835308647582	2.3783661295447627	2.3542815460244606	2.336068878767678	2.551050713223829	2.3776674706391567	2.5556576003311258	2.1720591232043676
AQXRHIMQ7UK7O	fast	fast	4.754887502163469	3.0635083248886996	2.9861586389874213	2.928584511985854	2.9846711536577746	2.5519955439472772	2.9491517215509444	2.722905844830953	2.4310631980481032	2.5479569082662255	2.1051645423852534	2.2699475656772656	2.377782334322275	2.4036091211570856	2.6057388061490547
ASZBND3G5UYJG	fast	fast	4.754887502163469	4.754887502163469	3.1578299951779822	3.2963872425403626	4.754887502163469	4.754887502163469	4.754887502163469	4.754887502163469	3.2192650737399156	4.754887502163469	4.754887502163469	4.754887502163469	2.622203007367589	3.103681539869344	2.50115082689477
AUPXYEKITX8UT	fast	fast	2.771505203108434	2.7639609498875384	2.568753454846656	2.580236769731605	2.4007642066051607	2.608458608436349	2.3769165211974994	2.7222063742010643	2.498698375107928	2.4335418481410875	2.7895043680563125	2.969357714483119	2.436790253747089	2.223322222905813	2.54491876348488
AXMPSUNKUBEIL	fast	fast	2.9796425028253575	3.1415532727513957	3.189830598521999	2.6255571012736283	2.6217305514354092	2.3288295176110956	2.330478181696572	2.1377783596297473	2.495530047359906	2.1863562105192664	2.37270072634032	2.173649587674432	2.3593145441974066	2.290751339625083	2.3658885462999026
AY4PZPXHSRCP5	fast	fast	4.754887502163469	4.754887502163469	3.2914972527980164	2.7321070809345693	2.9436995528420704	3.011299037822413	2.986144197815537	3.527918425778802	2.7818137173015565	3.1572381393511413	3.113141643753761	2.9982221249178256	2.9687202245146294	2.90310440081234	2.9178062222730445
AY5OS6NZWVX22	fast	fast	3.2624623462767266	3.290082638890133	2.8670596690423626	3.0498759691273336	2.794168784650435	2.96333005196678	2.8449148597266434	2.8303178437073946	2.575937662988603	2.499936442080699	2.7006556497765195	2.8574030145525895	2.554064980374772	2.3874645887323664	2.395728763252602
AZ8NBOTCBCLKG	fast	fast	4.754887502163469	4.754887502163469	3.123478572997667	4.754887502163469	2.9811119239026826	2.986519623423342	3.3372764567787327	2.8666894440134034	2.959222437728288	3.1906227522365644	3.165946139471036	3.1768547669157887	3.4149292740924966	3.301354148239111	2.930143872342421
